1 1177 0.629390 0.502878 0.025310 0.017270
0 8972 0.653151 0.543997 0.026343 0.153783
0 9004 0.913481 0.546875 0.021178 0.078947
0 8985 0.279700 0.485609 0.010847 0.045230
0 8984 0.242769 0.510691 0.024793 0.103618
0 8980 0.457903 0.552632 0.067665 0.184211
0 8989 0.177169 0.495477 0.017562 0.083059
0 8995 0.694731 0.505757 0.008264 0.032895
0 8996 0.198864 0.509868 0.033058 0.108553
0 8997 0.786415 0.509457 0.010847 0.046875
0 8992 0.155475 0.491776 0.020661 0.085526
0 9000 0.825671 0.525493 0.017045 0.074013
0 9001 0.572314 0.497122 0.005165 0.022204
0 9002 0.542355 0.495477 0.005165 0.020559
0 9003 0.703512 0.502056 0.006198 0.030428
0 8920 0.886364 0.545230 0.021694 0.097039
