1 1177 0.629649 0.502878 0.024793 0.017270
0 8972 0.670971 0.548520 0.060950 0.149671
0 9004 0.935434 0.540296 0.024793 0.067434
0 9005 0.280992 0.483964 0.008264 0.040296
0 9006 0.232438 0.476974 0.012397 0.034539
0 8980 0.432593 0.548520 0.037707 0.177632
0 8992 0.161932 0.490132 0.021178 0.083882
0 8995 0.694990 0.507401 0.007748 0.036184
0 8989 0.182851 0.493832 0.016529 0.083059
0 8997 0.788998 0.509868 0.008781 0.049342
0 9007 0.145661 0.489720 0.011364 0.071546
0 9000 0.827996 0.528372 0.020661 0.073191
0 9001 0.569731 0.496711 0.005165 0.021382
0 9002 0.543130 0.495066 0.004649 0.021382
0 9003 0.706612 0.501234 0.007231 0.030428
0 8920 0.894886 0.545230 0.027376 0.097039
0 8996 0.202996 0.509046 0.025826 0.121711
0 9008 0.261105 0.486842 0.009814 0.044408
