1 1177 0.629649 0.502878 0.024793 0.017270
0 8972 0.686983 0.551398 0.040289 0.158717
0 9004 0.964876 0.546464 0.029959 0.076480
0 9006 0.230114 0.478618 0.012913 0.037829
0 8980 0.411932 0.548931 0.064566 0.178454
0 8992 0.167097 0.489720 0.017045 0.083059
0 8989 0.186725 0.492599 0.016012 0.082237
0 8997 0.791064 0.511102 0.008781 0.051809
0 9007 0.145661 0.489720 0.011364 0.071546
0 9000 0.832386 0.527138 0.023244 0.075658
0 9001 0.567407 0.497122 0.004649 0.022204
0 9002 0.544163 0.495477 0.005682 0.020559
0 9003 0.709452 0.502878 0.008781 0.030428
0 8920 0.901343 0.550576 0.036157 0.099507
0 8996 0.203512 0.514803 0.034091 0.118421
0 9008 0.264205 0.485197 0.012913 0.044408
