1 1177 0.629649 0.502878 0.024793 0.017270
0 8972 0.709194 0.550576 0.049587 0.152138
0 9004 0.988636 0.550576 0.023760 0.081414
0 8980 0.400052 0.548520 0.054236 0.175987
0 8992 0.173295 0.493421 0.028409 0.082237
0 8989 0.192407 0.494243 0.021178 0.078947
0 8997 0.792872 0.510280 0.009298 0.050164
0 9007 0.146436 0.490132 0.017045 0.075658
0 9000 0.834969 0.527961 0.021178 0.075658
0 9001 0.565083 0.500000 0.006198 0.019737
0 9002 0.545455 0.495477 0.006198 0.020559
0 9009 0.697831 0.508224 0.009298 0.037829
0 8920 0.912448 0.549342 0.025310 0.101974
0 8996 0.214360 0.516859 0.034091 0.127467
0 9008 0.265754 0.485197 0.012913 0.044408
