1 1177 0.629649 0.502878 0.024793 0.017270
0 8972 0.726498 0.554688 0.057335 0.148849
0 8980 0.376550 0.546875 0.036157 0.182566
0 8992 0.177169 0.490543 0.019628 0.079770
0 8989 0.197314 0.496299 0.017562 0.073191
0 8997 0.795971 0.511513 0.012397 0.049342
0 9007 0.147211 0.488076 0.017562 0.071546
0 9000 0.840909 0.530839 0.020661 0.076480
0 9001 0.562500 0.499178 0.005165 0.018092
0 9002 0.547004 0.495477 0.006198 0.020559
0 9009 0.697831 0.508224 0.009298 0.037829
0 8920 0.923295 0.552220 0.029442 0.107730
0 8996 0.223140 0.520148 0.033058 0.125822
0 9008 0.268595 0.486020 0.011364 0.042763
0 9010 0.163998 0.474095 0.009814 0.041941
