1 1177 0.629649 0.502878 0.024793 0.017270
0 8972 0.745351 0.554276 0.030992 0.156250
0 8980 0.360279 0.549342 0.061467 0.180921
0 8992 0.182851 0.491776 0.017562 0.078947
0 8989 0.202221 0.494655 0.017045 0.078125
0 8997 0.798037 0.511513 0.011364 0.050987
0 9007 0.146436 0.487664 0.013946 0.070724
0 9000 0.849174 0.529194 0.019628 0.078125
0 9002 0.548554 0.495888 0.006198 0.019737
0 9009 0.698605 0.507401 0.008781 0.036184
0 8920 0.929494 0.554276 0.029442 0.108553
0 8996 0.238120 0.523438 0.042355 0.134046
0 9008 0.270403 0.485609 0.010847 0.041941
0 9010 0.160382 0.474095 0.009814 0.040296
