1 1177 0.629649 0.502878 0.024793 0.017270
0 8972 0.763171 0.559211 0.060434 0.152961
0 8980 0.340134 0.544408 0.034607 0.175987
0 8992 0.187242 0.492188 0.017045 0.078125
0 8989 0.206095 0.494655 0.016529 0.076480
0 8997 0.800620 0.512747 0.010331 0.053454
0 9007 0.146436 0.487664 0.013946 0.070724
0 9000 0.853564 0.530428 0.021178 0.077303
0 9002 0.549845 0.495477 0.005682 0.020559
0 9009 0.699380 0.508224 0.010331 0.037829
0 8920 0.943698 0.552632 0.027893 0.110197
0 8996 0.262397 0.525082 0.039256 0.135691
0 9010 0.157283 0.474918 0.007748 0.040296
