1 1177 0.629649 0.502878 0.024793 0.017270
0 8972 0.780475 0.558388 0.036157 0.154605
0 8980 0.317149 0.543174 0.058884 0.178454
0 8992 0.193957 0.488487 0.014979 0.077303
0 8989 0.212810 0.493832 0.015496 0.074836
0 8997 0.802686 0.512747 0.012397 0.053454
0 9007 0.150052 0.486431 0.012913 0.068257
0 9000 0.858471 0.532484 0.020661 0.081414
0 9002 0.550878 0.495477 0.004649 0.020559
0 9009 0.700671 0.506990 0.008781 0.037007
0 8920 0.955320 0.557155 0.047004 0.111020
0 8996 0.285640 0.527138 0.034091 0.143092
0 9011 0.136364 0.476974 0.012397 0.046053
