1 1177 0.629649 0.502878 0.024793 0.017270
0 8972 0.802169 0.559622 0.052686 0.153783
0 8996 0.323605 0.523438 0.025310 0.135691
0 8992 0.199380 0.488487 0.018595 0.077303
0 8989 0.219267 0.495066 0.023244 0.075658
0 9007 0.147727 0.486431 0.012397 0.068257
0 9000 0.863378 0.532072 0.018079 0.083882
0 9009 0.701188 0.509046 0.009814 0.037829
0 8920 0.965393 0.557977 0.032025 0.115954
0 8980 0.306043 0.546875 0.061467 0.174342
0 9011 0.134556 0.476974 0.010847 0.049342
0 9012 0.280217 0.483553 0.010847 0.041118
