1 1177 0.629649 0.502878 0.024793 0.017270
0 8972 0.820248 0.562089 0.061983 0.152138
0 8996 0.342459 0.528783 0.041322 0.143092
0 8992 0.202738 0.490543 0.022211 0.073191
0 8989 0.222624 0.493010 0.017562 0.074836
0 9007 0.150052 0.488076 0.016012 0.068257
0 9000 0.868027 0.535773 0.024277 0.086349
0 9009 0.701188 0.509046 0.009814 0.037829
0 8920 0.981147 0.559622 0.036674 0.119243
0 8980 0.281508 0.542763 0.037190 0.179276
0 9011 0.127324 0.476562 0.010847 0.050164
0 9013 0.237862 0.500822 0.013946 0.085526
0 9014 0.808110 0.509868 0.011880 0.047697
