1 1177 0.629649 0.502878 0.024793 0.017270
0 8972 0.837810 0.562500 0.034091 0.161184
0 8996 0.375000 0.528783 0.050620 0.148026
0 8992 0.207645 0.488898 0.016529 0.074836
0 8989 0.226498 0.491365 0.011880 0.073191
0 9015 0.138430 0.474918 0.011364 0.043586
0 9000 0.876808 0.536595 0.030475 0.089638
0 9009 0.702996 0.509868 0.009298 0.037829
0 8920 0.984762 0.561266 0.029442 0.115954
0 8980 0.265238 0.544819 0.058368 0.180099
0 9011 0.122159 0.475740 0.016012 0.053454
0 9013 0.237862 0.500822 0.013946 0.085526
0 9014 0.810692 0.511513 0.009814 0.052632
0 9007 0.151601 0.487664 0.014979 0.064145
0 9016 0.178977 0.475329 0.006715 0.037829
