1 1177 0.629649 0.502878 0.024793 0.017270
0 8972 0.855630 0.569079 0.065599 0.156250
0 8996 0.408574 0.534128 0.030992 0.147204
0 8992 0.212552 0.490543 0.017045 0.069901
0 8989 0.223657 0.483553 0.009298 0.050987
0 9015 0.135331 0.476151 0.010331 0.047697
0 9000 0.885589 0.535773 0.023244 0.086349
0 9009 0.702996 0.509868 0.009298 0.037829
0 8980 0.250000 0.542763 0.041322 0.174342
0 9011 0.116477 0.474918 0.012913 0.050164
0 9014 0.813275 0.512336 0.010847 0.052632
0 9007 0.149793 0.486842 0.013430 0.062500
0 9016 0.177686 0.476151 0.009298 0.036184
