1 1177 0.629649 0.502878 0.024793 0.017270
0 9018 0.901860 0.539474 0.017562 0.087171
0 8996 0.509298 0.537007 0.050620 0.159539
0 9015 0.120351 0.474095 0.011364 0.043586
0 9009 0.707386 0.504934 0.008781 0.029605
0 8980 0.197572 0.543174 0.047004 0.176809
0 9014 0.819990 0.512336 0.010847 0.052632
0 9007 0.154959 0.485609 0.014463 0.061678
0 9016 0.172004 0.476151 0.010331 0.041118
0 9017 0.236570 0.500000 0.015496 0.083882
0 9019 0.211002 0.482730 0.017045 0.052632
0 8972 0.918647 0.574424 0.074897 0.158717
