1 1177 0.628616 0.503701 0.022727 0.018914
0 9018 0.973915 0.550987 0.039773 0.113487
0 8996 0.764205 0.555510 0.034607 0.153783
0 9022 0.150826 0.477385 0.012397 0.043586
0 9014 0.837552 0.502056 0.012913 0.032072
0 8980 0.011880 0.543586 0.024793 0.189145
0 9017 0.244060 0.505757 0.024277 0.083882
0 9023 0.164773 0.483141 0.015496 0.058388
0 9021 0.266012 0.482730 0.013430 0.050987
0 9024 0.279959 0.483141 0.011364 0.045230
0 9025 0.717975 0.514803 0.010331 0.046053
0 9026 0.177169 0.483964 0.014463 0.056743
