1 1177 0.628616 0.503701 0.022727 0.018914
0 9018 0.985279 0.550987 0.031508 0.110197
0 8996 0.779700 0.559211 0.054236 0.156250
0 9022 0.147986 0.472039 0.009814 0.032895
0 9014 0.839360 0.502056 0.013430 0.032072
0 9027 0.033316 0.474507 0.019112 0.055921
0 9017 0.244060 0.505757 0.024277 0.083882
0 9023 0.158058 0.482319 0.011364 0.060033
0 9021 0.269112 0.483141 0.013430 0.051809
0 9024 0.281508 0.483553 0.008264 0.044408
0 9025 0.717975 0.514803 0.010331 0.046053
0 9026 0.179236 0.484375 0.014463 0.059211
