1 1177 0.628616 0.503701 0.022727 0.018914
0 9030 0.850207 0.500822 0.011364 0.031250
0 9031 0.028926 0.471628 0.016529 0.053454
0 9017 0.244060 0.505757 0.024277 0.083882
0 9023 0.123709 0.481908 0.021178 0.059211
0 9033 0.236054 0.477385 0.012397 0.033717
0 9025 0.727789 0.506990 0.008264 0.030428
0 9026 0.188017 0.483553 0.013430 0.054276
0 9029 0.143595 0.475740 0.010331 0.046875
0 9034 0.357438 0.482319 0.011364 0.022204
0 8996 0.897469 0.567023 0.052169 0.160362
0 9035 0.136105 0.474507 0.009814 0.042763
