1 1177 0.628616 0.503701 0.022727 0.018914
0 9030 0.852531 0.513158 0.011880 0.054276
0 9031 0.024793 0.470395 0.020661 0.054276
0 9017 0.244318 0.505757 0.024793 0.083882
0 9023 0.118027 0.480674 0.017045 0.063322
0 9033 0.236054 0.477385 0.013430 0.032072
0 9025 0.731921 0.508635 0.011364 0.035362
0 9026 0.189824 0.482319 0.012913 0.056743
0 9029 0.143079 0.476151 0.011364 0.047697
0 9034 0.355372 0.482730 0.011364 0.023026
0 8996 0.913223 0.568257 0.058884 0.162829
0 9035 0.131715 0.476151 0.010331 0.046053
