1 1177 0.628616 0.503701 0.022727 0.018914
0 9030 0.855630 0.519326 0.014979 0.064967
0 9031 0.018595 0.469572 0.019628 0.052632
0 9017 0.244318 0.505757 0.024793 0.083882
0 9023 0.111829 0.481086 0.021178 0.062500
0 9033 0.237345 0.476151 0.010847 0.031250
0 9025 0.733213 0.511102 0.012913 0.038651
0 9026 0.191890 0.481908 0.013946 0.055921
0 9029 0.138430 0.475740 0.011364 0.046875
0 9034 0.354855 0.483553 0.010331 0.024671
0 8996 0.926653 0.573191 0.069215 0.161184
0 9035 0.128616 0.475329 0.010331 0.046053
