1 1177 0.628616 0.503701 0.022727 0.018914
0 9030 0.860795 0.520970 0.014979 0.063322
0 9031 0.010072 0.471217 0.013946 0.055921
0 9017 0.244318 0.505757 0.024793 0.083882
0 9023 0.106147 0.481497 0.020145 0.063322
0 9033 0.233988 0.476151 0.014463 0.031250
0 9025 0.736054 0.513569 0.011364 0.043586
0 9026 0.193182 0.481908 0.013430 0.055921
0 9029 0.134556 0.474507 0.009814 0.044408
0 9034 0.352531 0.483964 0.010847 0.023849
0 8996 0.955579 0.573191 0.048554 0.169408
0 9035 0.125775 0.475329 0.010847 0.046053
