1 1177 0.628616 0.503701 0.022727 0.018914
0 9030 0.863636 0.520970 0.015496 0.066612
0 9031 0.006457 0.471628 0.012913 0.056743
0 9017 0.244318 0.505757 0.024793 0.083882
0 9023 0.096333 0.480263 0.023244 0.065789
0 9033 0.231663 0.479441 0.014979 0.037829
0 9025 0.738636 0.516447 0.013430 0.050987
0 9026 0.194473 0.481908 0.013946 0.055921
0 9029 0.131198 0.475329 0.010331 0.046053
0 9036 0.351756 0.483553 0.010331 0.024671
0 8996 0.966942 0.576069 0.065083 0.165296
0 9035 0.121901 0.476562 0.011364 0.046875
