1 1194 0.879390 0.569079 0.118285 0.108553
1 1191 0.728048 0.537418 0.055269 0.063322
1 1192 0.696798 0.525493 0.027893 0.031250
1 1195 0.790548 0.533717 0.035640 0.034539
1 1196 0.820506 0.534539 0.025310 0.027961
1 1197 0.345816 0.499178 0.018079 0.039474
0 9046 0.456095 0.510691 0.012397 0.049342
0 9055 0.398244 0.513158 0.016529 0.057566
0 9058 0.592975 0.516859 0.007231 0.035362
0 9061 0.583161 0.515214 0.009298 0.035362
0 9062 0.571798 0.512336 0.008264 0.041118
0 9065 0.941374 0.543586 0.019112 0.064145
