1 1194 0.933110 0.597039 0.134814 0.149671
1 1191 0.736570 0.545230 0.058884 0.070724
1 1192 0.697056 0.525493 0.032541 0.031250
1 1195 0.791839 0.536184 0.038223 0.039474
1 1196 0.821539 0.536595 0.027376 0.032072
1 1198 0.331095 0.500411 0.017562 0.041941
1 1199 0.844525 0.539062 0.020661 0.025493
1 1200 0.865186 0.538651 0.017562 0.018092
1 1201 0.873709 0.534539 0.016012 0.021382
0 9046 0.449122 0.510280 0.009814 0.048520
0 9055 0.387655 0.515625 0.017045 0.057566
0 9058 0.590651 0.519326 0.007748 0.038651
0 9061 0.580579 0.515214 0.009298 0.035362
0 9062 0.571539 0.513980 0.010847 0.044408
