1 1191 0.755682 0.556743 0.072314 0.088816
1 1192 0.697572 0.525493 0.037707 0.036184
1 1195 0.794938 0.536595 0.032025 0.038651
1 1196 0.822056 0.537418 0.026343 0.033717
1 1198 0.312758 0.499589 0.022211 0.046875
1 1199 0.844525 0.538651 0.019628 0.026316
1 1201 0.868543 0.534128 0.017045 0.022204
1 1202 0.903151 0.536595 0.026343 0.041941
0 9046 0.439308 0.513980 0.010847 0.050987
0 9055 0.376808 0.517270 0.014979 0.060855
0 9058 0.583936 0.519326 0.007748 0.038651
0 9061 0.576963 0.516859 0.009298 0.035362
0 9062 0.565599 0.515625 0.011364 0.044408
