1 1203 0.733471 0.524671 0.021694 0.029605
1 1192 0.693957 0.523438 0.037707 0.035362
1 1191 0.785640 0.569079 0.103306 0.116776
1 1196 0.822831 0.535362 0.024793 0.032895
1 1198 0.291064 0.494655 0.024277 0.048520
1 1199 0.842975 0.536595 0.018595 0.027138
1 1204 0.882490 0.519326 0.008781 0.012336
1 1202 0.903151 0.535773 0.025310 0.040296
1 1205 0.310176 0.494243 0.018079 0.037829
0 9046 0.425620 0.509868 0.011364 0.057566
0 9055 0.359504 0.514803 0.015496 0.067434
0 9066 0.575671 0.518503 0.007748 0.041941
0 9062 0.559917 0.511102 0.009298 0.041941
0 9067 0.134298 0.491776 0.021694 0.059211
0 9068 0.977273 0.550164 0.014463 0.059211
