1 1203 0.672779 0.514803 0.026343 0.034539
1 1192 0.634039 0.511513 0.041839 0.041118
1 1207 0.856921 0.526316 0.030992 0.049342
1 1198 0.091942 0.483964 0.068182 0.069901
1 1206 0.800362 0.550987 0.075930 0.088816
1 1208 0.728048 0.509046 0.013946 0.021382
0 9046 0.295455 0.505757 0.021694 0.083882
0 9055 0.195248 0.512747 0.036157 0.112664
0 9066 0.498192 0.510280 0.010847 0.058388
0 9062 0.488120 0.502467 0.013430 0.062500
0 9069 0.507490 0.506168 0.007748 0.048520
0 9070 0.908833 0.538240 0.011880 0.043586
0 9071 0.931302 0.539474 0.011364 0.049342
0 9072 0.740702 0.517270 0.008264 0.026316
