1 1203 0.655733 0.511513 0.025310 0.034539
1 1192 0.617252 0.510691 0.043388 0.047697
1 1209 0.768079 0.527549 0.033058 0.048520
1 1206 0.820248 0.560855 0.105372 0.113487
1 1208 0.708419 0.506168 0.013946 0.020559
1 1210 0.743543 0.506990 0.012913 0.015625
0 9046 0.258523 0.501645 0.030475 0.088816
0 9055 0.136880 0.520559 0.046488 0.116776
0 9069 0.487603 0.502878 0.012397 0.055099
0 9066 0.472107 0.507812 0.012397 0.064967
0 9070 0.896694 0.537007 0.011364 0.044408
0 9071 0.920713 0.535773 0.014979 0.043586
0 9072 0.723915 0.515214 0.006715 0.023849
