1 1203 0.636880 0.512336 0.025826 0.034539
1 1192 0.598399 0.511102 0.044938 0.048520
1 1209 0.763688 0.534951 0.039773 0.060033
1 1206 0.864669 0.587171 0.160124 0.152961
1 1208 0.688017 0.505757 0.014463 0.021382
1 1210 0.722882 0.507401 0.012913 0.016447
0 9046 0.198864 0.496711 0.022727 0.085526
0 9055 0.059659 0.530016 0.026343 0.132401
0 9069 0.463843 0.504112 0.015496 0.059211
0 9066 0.449380 0.511513 0.022727 0.070724
0 9071 0.912448 0.530016 0.014979 0.030428
0 9072 0.707128 0.514803 0.007231 0.024671
0 9073 0.035382 0.508635 0.051136 0.148849
