1 1203 0.578771 0.514391 0.027376 0.041941
1 1192 0.539256 0.516036 0.051653 0.055099
1 1209 0.762655 0.561678 0.071798 0.092105
1 1208 0.626291 0.506990 0.014979 0.023849
1 1207 0.786932 0.532484 0.036674 0.055099
1 1210 0.659866 0.507812 0.013946 0.017270
1 1211 0.716167 0.535362 0.030475 0.039474
0 9075 0.358213 0.507401 0.021178 0.087171
0 9066 0.341684 0.518503 0.014979 0.089638
0 9074 0.846074 0.550576 0.012397 0.051809
0 9072 0.657283 0.518914 0.007748 0.027961
0 9069 0.380165 0.506990 0.017562 0.071546
0 9076 0.882748 0.557566 0.017562 0.055921
