1 1203 0.558368 0.516859 0.027893 0.043586
1 1192 0.516529 0.520559 0.054752 0.055921
1 1209 0.777376 0.578125 0.097107 0.113487
1 1208 0.605372 0.509868 0.015496 0.023026
1 1212 0.662707 0.508224 0.009298 0.013158
1 1210 0.638430 0.508635 0.013430 0.015625
1 1211 0.707645 0.541530 0.040289 0.048520
0 9075 0.322831 0.508224 0.028926 0.098684
0 9066 0.295196 0.522204 0.020145 0.106908
0 9074 0.832645 0.553043 0.013430 0.046875
0 9072 0.641271 0.520148 0.007748 0.025493
0 9069 0.349432 0.511513 0.020145 0.075658
0 9076 0.871643 0.562911 0.018079 0.058388
