1 1203 0.537965 0.515214 0.028409 0.045230
1 1192 0.494060 0.520148 0.058368 0.061678
1 1209 0.813533 0.599507 0.139463 0.148026
1 1208 0.584969 0.504523 0.014979 0.023849
1 1207 0.755424 0.529194 0.041839 0.056743
1 1210 0.617769 0.506579 0.011364 0.014803
1 1211 0.697056 0.543174 0.043905 0.051809
1 1213 0.726240 0.529194 0.022727 0.038651
1 1214 0.674845 0.530428 0.022211 0.034539
0 9075 0.285640 0.507812 0.029959 0.107730
0 9066 0.236829 0.527138 0.024277 0.118421
0 9072 0.624225 0.516447 0.007748 0.026316
0 9069 0.312500 0.509457 0.024793 0.091283
0 9076 0.866477 0.555510 0.013946 0.050164
