1 1203 0.517562 0.506990 0.029959 0.045230
1 1192 0.471074 0.513158 0.061983 0.067434
1 1209 0.888171 0.622944 0.222624 0.201480
1 1208 0.564824 0.494655 0.013946 0.023849
1 1207 0.743802 0.523026 0.048554 0.059211
1 1210 0.598140 0.495888 0.012397 0.014803
1 1211 0.688533 0.535773 0.049587 0.058388
1 1213 0.712552 0.516859 0.022211 0.035362
1 1214 0.662965 0.520559 0.026343 0.042763
1 1215 0.644370 0.515214 0.019112 0.025493
1 1216 0.621901 0.493832 0.010331 0.013980
0 9075 0.230888 0.506579 0.028926 0.120066
0 9066 0.166581 0.527138 0.040806 0.139803
0 9072 0.608213 0.506579 0.007748 0.026316
0 9069 0.265754 0.506168 0.026343 0.094572
