1 1203 0.496384 0.503701 0.030992 0.046875
1 1192 0.445764 0.509046 0.066116 0.077303
1 1208 0.544938 0.490954 0.014463 0.023026
1 1207 0.733729 0.517270 0.049070 0.062500
1 1210 0.578771 0.491776 0.012913 0.016447
1 1211 0.683884 0.534951 0.059917 0.064967
1 1213 0.698864 0.508224 0.024793 0.029605
1 1214 0.650310 0.518914 0.028926 0.041118
1 1215 0.630165 0.511513 0.023760 0.029605
1 1216 0.603564 0.490543 0.009814 0.013980
0 9075 0.172262 0.509046 0.028409 0.134868
0 9066 0.062758 0.537007 0.058368 0.175987
0 9072 0.592200 0.502467 0.007748 0.027961
0 9069 0.214101 0.504934 0.028409 0.106908
0 9077 0.798295 0.536184 0.011880 0.052632
0 9078 0.852789 0.547697 0.014463 0.067434
