1 1203 0.476756 0.509046 0.034091 0.049342
1 1192 0.420971 0.519737 0.074380 0.080592
1 1208 0.526343 0.496299 0.015496 0.023849
1 1207 0.725207 0.523849 0.049587 0.064145
1 1210 0.561209 0.495888 0.012913 0.018092
1 1211 0.684659 0.547697 0.071798 0.074013
1 1214 0.640754 0.527138 0.032541 0.046053
1 1215 0.617510 0.517681 0.026343 0.030428
1 1216 0.587035 0.495066 0.009814 0.014803
0 9069 0.150568 0.515625 0.037707 0.126645
0 9075 0.098915 0.523849 0.067665 0.164474
0 9072 0.580320 0.508635 0.007748 0.028783
0 9077 0.793647 0.538651 0.011880 0.054276
0 9078 0.850465 0.554688 0.020145 0.066612
