1 1203 0.458936 0.508224 0.035640 0.050987
1 1192 0.396178 0.519326 0.082645 0.087993
1 1208 0.511880 0.493010 0.016529 0.023849
1 1207 0.717975 0.519326 0.057851 0.068257
1 1210 0.546746 0.492599 0.012913 0.018092
1 1211 0.693698 0.549342 0.087810 0.085526
1 1214 0.636880 0.524671 0.042355 0.049342
1 1215 0.606147 0.515625 0.028409 0.032895
1 1216 0.573605 0.492188 0.009814 0.015625
0 9069 0.062758 0.523849 0.037707 0.139803
0 9075 0.013688 0.534128 0.028409 0.193257
0 9072 0.569990 0.505757 0.007748 0.029605
0 9077 0.793647 0.538651 0.011880 0.054276
0 9078 0.850465 0.554688 0.020145 0.066612
