1 1203 0.441890 0.500822 0.037707 0.052632
1 1192 0.369318 0.518914 0.095041 0.098684
1 1208 0.497934 0.485609 0.016529 0.023849
1 1207 0.715651 0.503289 0.060434 0.050987
1 1210 0.534349 0.484786 0.012913 0.017270
1 1211 0.714360 0.557155 0.113636 0.111020
1 1214 0.637913 0.523438 0.050620 0.058388
1 1215 0.597624 0.509457 0.029959 0.035362
1 1216 0.561209 0.485609 0.009814 0.015625
0 9072 0.561209 0.497944 0.011880 0.028783
0 9077 0.788998 0.517681 0.012913 0.035362
0 9078 0.861570 0.545230 0.016529 0.077303
