1 1203 0.425878 0.504112 0.041839 0.060855
1 1192 0.339618 0.521382 0.111054 0.110197
1 1208 0.486829 0.483553 0.017045 0.024671
1 1207 0.713326 0.503289 0.067149 0.057566
1 1210 0.522986 0.483964 0.013946 0.017270
1 1211 0.756973 0.575658 0.160640 0.139803
1 1214 0.642304 0.527138 0.063533 0.069079
1 1215 0.592975 0.509046 0.033058 0.037829
1 1216 0.551653 0.484375 0.011364 0.014803
1 1213 0.668388 0.507812 0.035124 0.046875
0 9072 0.557335 0.497944 0.008264 0.028783
0 9077 0.793130 0.513158 0.013946 0.031250
0 9078 0.877066 0.547697 0.024793 0.082237
