1 1203 0.383006 0.499589 0.054236 0.074836
1 1192 0.213068 0.545641 0.212293 0.180099
1 1208 0.463843 0.476974 0.018595 0.024671
1 1207 0.739153 0.513158 0.098140 0.106908
1 1210 0.502324 0.476151 0.012913 0.019737
1 1214 0.705062 0.551809 0.130165 0.118421
1 1215 0.592459 0.507812 0.045455 0.050164
1 1216 0.535640 0.478618 0.012397 0.018092
1 1213 0.671746 0.496711 0.049070 0.044408
0 9079 0.829029 0.530839 0.020661 0.076480
0 9080 0.308368 0.489720 0.011364 0.041941
0 9081 0.336002 0.507812 0.019112 0.064967
