1 1203 0.370093 0.504934 0.060434 0.085526
1 1192 0.141787 0.563322 0.283574 0.226974
1 1208 0.457128 0.477385 0.019628 0.032072
1 1207 0.755165 0.510691 0.107438 0.105263
1 1210 0.498967 0.475740 0.014463 0.020559
1 1214 0.763688 0.574013 0.194731 0.164474
1 1215 0.599174 0.513569 0.051653 0.056743
1 1216 0.532800 0.479852 0.013946 0.020559
1 1213 0.677686 0.503701 0.052686 0.055099
1 1217 0.526860 0.472451 0.012397 0.017270
0 9079 0.846849 0.532895 0.020145 0.078947
0 9080 0.290806 0.502878 0.013430 0.063322
0 9081 0.317407 0.509457 0.019112 0.066612
