1 1203 0.354855 0.510691 0.066116 0.088816
1 1192 0.117252 0.604441 0.234504 0.309211
1 1208 0.453512 0.479852 0.020661 0.030428
1 1207 0.770919 0.517681 0.118285 0.112664
1 1210 0.495351 0.479030 0.014463 0.022204
1 1214 0.858988 0.620477 0.280992 0.240954
1 1215 0.609504 0.519326 0.061983 0.064967
1 1216 0.532025 0.482730 0.014463 0.023026
1 1213 0.684401 0.510280 0.055785 0.064967
1 1217 0.524535 0.474507 0.011880 0.019737
0 9082 0.713068 0.525905 0.014979 0.068257
0 9080 0.271178 0.502878 0.018595 0.063322
0 9081 0.298037 0.518092 0.021694 0.078947
0 9083 0.315599 0.497122 0.012397 0.043586
