1 1203 0.337810 0.510691 0.074380 0.098684
1 1192 0.079804 0.587993 0.159607 0.264803
1 1208 0.450930 0.477385 0.019628 0.030428
1 1207 0.805269 0.523438 0.147727 0.129112
1 1210 0.494060 0.476974 0.014979 0.019737
1 1214 0.908316 0.650493 0.181302 0.273026
1 1215 0.625000 0.524260 0.072314 0.076480
1 1216 0.533833 0.481908 0.016012 0.023026
1 1213 0.700671 0.509046 0.069731 0.069079
1 1217 0.524019 0.472862 0.011880 0.019737
0 9082 0.749483 0.528372 0.020661 0.074836
0 9084 0.186983 0.512747 0.023760 0.094572
0 9081 0.270661 0.515625 0.019628 0.087171
0 9085 0.380165 0.495066 0.012397 0.047697
0 9080 0.252324 0.509046 0.019112 0.072368
0 9086 0.391529 0.490543 0.010331 0.033717
