1 1203 0.319215 0.511513 0.087810 0.110197
1 1208 0.449380 0.473684 0.018595 0.031250
1 1207 0.843233 0.522615 0.177169 0.143914
1 1210 0.494576 0.472862 0.016012 0.021382
1 1215 0.648502 0.526727 0.090393 0.089638
1 1216 0.535640 0.478207 0.016529 0.023849
1 1213 0.716426 0.507812 0.076446 0.076480
1 1217 0.525826 0.469572 0.014463 0.021382
0 9082 0.794421 0.532895 0.029959 0.098684
0 9084 0.149019 0.511924 0.031508 0.109375
0 9081 0.240702 0.520148 0.020661 0.104441
0 9085 0.371384 0.494243 0.009298 0.050987
0 9080 0.223657 0.511513 0.020661 0.087171
0 9086 0.385589 0.490954 0.009814 0.037829
0 9087 0.955837 0.545641 0.030475 0.107730
