1 1203 0.295196 0.515214 0.103822 0.129112
1 1208 0.448089 0.473684 0.021178 0.031250
1 1207 0.893079 0.535773 0.212810 0.163651
1 1210 0.494576 0.472862 0.016012 0.021382
1 1215 0.684143 0.543174 0.119318 0.114309
1 1216 0.535640 0.478207 0.016529 0.023849
1 1213 0.735795 0.512747 0.082128 0.083059
1 1217 0.525826 0.469572 0.014463 0.021382
0 9082 0.860279 0.548520 0.039773 0.111842
0 9084 0.099432 0.512747 0.035640 0.119243
0 9088 0.348657 0.489720 0.009298 0.050164
0 9085 0.361312 0.493832 0.009814 0.053454
0 9081 0.203771 0.521382 0.043905 0.126645
0 9086 0.379649 0.489309 0.008264 0.042763
