1 1203 0.262397 0.521793 0.126033 0.142270
1 1208 0.446023 0.474507 0.022211 0.032895
1 1207 0.906508 0.540707 0.185950 0.175164
1 1210 0.494318 0.473684 0.015496 0.021382
1 1215 0.740961 0.561678 0.176136 0.139803
1 1216 0.540031 0.480263 0.018079 0.026316
1 1213 0.756457 0.506990 0.092459 0.069901
1 1217 0.528151 0.470806 0.014979 0.022204
0 9082 0.961002 0.578536 0.056302 0.137336
0 9084 0.037965 0.523849 0.039773 0.146382
0 9088 0.338585 0.490954 0.009814 0.049342
0 9085 0.351240 0.496711 0.010331 0.060855
0 9081 0.137397 0.527961 0.052686 0.138158
0 9086 0.371384 0.490954 0.008264 0.042763
0 9089 0.173812 0.522204 0.019112 0.126645
