1 1203 0.220558 0.532072 0.160124 0.171053
1 1208 0.443182 0.472039 0.022727 0.034539
1 1207 0.925362 0.531661 0.148244 0.168586
1 1210 0.493802 0.473684 0.015496 0.021382
1 1215 0.850981 0.612253 0.297004 0.227796
1 1216 0.543388 0.481908 0.019628 0.029605
1 1213 0.777634 0.507401 0.100723 0.069079
1 1217 0.528409 0.470806 0.015496 0.023849
0 9081 0.042097 0.543174 0.075930 0.191612
0 9088 0.326705 0.493832 0.008781 0.056743
0 9085 0.339101 0.497944 0.012913 0.063322
0 9090 0.100465 0.530016 0.018079 0.138980
0 9086 0.362345 0.490954 0.009814 0.041118
0 9089 0.115702 0.524260 0.019628 0.132401
