1 1203 0.156508 0.545641 0.216942 0.221217
1 1208 0.441632 0.470806 0.023760 0.035362
1 1210 0.493285 0.470395 0.015496 0.021382
1 1215 0.899277 0.659128 0.200413 0.298520
1 1216 0.547262 0.481908 0.021178 0.029605
1 1213 0.811209 0.519326 0.128616 0.096217
1 1217 0.530992 0.469984 0.016529 0.025493
0 9089 0.017820 0.545641 0.035640 0.189967
0 9088 0.309401 0.492188 0.009298 0.060033
0 9091 0.315083 0.494243 0.010331 0.072368
0 9085 0.325671 0.498355 0.009814 0.072368
0 9092 0.336519 0.494655 0.009814 0.058388
0 9086 0.349432 0.492188 0.012913 0.053454
0 9093 0.704029 0.500411 0.009298 0.041941
