1 1203 0.106663 0.567845 0.213326 0.290296
1 1208 0.440083 0.474095 0.024793 0.038651
1 1210 0.493027 0.472862 0.016012 0.024671
1 1216 0.551136 0.486020 0.021694 0.031250
1 1213 0.851498 0.537007 0.155475 0.128289
1 1217 0.533316 0.474095 0.017045 0.027138
1 1218 0.591426 0.487253 0.024793 0.025493
0 9088 0.289514 0.497944 0.011880 0.064967
0 9091 0.298037 0.499178 0.008264 0.078947
0 9085 0.307593 0.503701 0.014979 0.081414
0 9092 0.323605 0.495477 0.012913 0.069901
0 9086 0.338843 0.495066 0.011364 0.050987
0 9093 0.719525 0.497533 0.007231 0.026316
0 9094 0.223140 0.504934 0.020661 0.085526
