1 1203 0.069215 0.574836 0.138430 0.304276
1 1208 0.438791 0.474507 0.026343 0.039474
1 1210 0.493027 0.472862 0.016012 0.024671
1 1216 0.557076 0.490543 0.026343 0.035362
1 1213 0.903926 0.553865 0.191116 0.152138
1 1217 0.536674 0.478207 0.020661 0.030428
1 1218 0.595816 0.489309 0.026343 0.027961
0 9088 0.268595 0.501234 0.012397 0.073191
0 9085 0.285124 0.509868 0.022727 0.085526
0 9095 0.295455 0.496711 0.015496 0.075658
0 9092 0.307593 0.501645 0.014979 0.074013
0 9086 0.323347 0.499589 0.013430 0.056743
0 9096 0.610537 0.483553 0.006198 0.023026
0 9094 0.199638 0.506990 0.025310 0.096217
