1 1219 0.036415 0.494655 0.030475 0.094572
1 1208 0.435692 0.473273 0.027376 0.040296
1 1210 0.493027 0.472039 0.016012 0.024671
1 1216 0.563791 0.492188 0.028409 0.038651
1 1220 0.774535 0.561266 0.238120 0.240954
1 1217 0.539514 0.476562 0.022211 0.032072
1 1218 0.599948 0.488898 0.028409 0.030428
0 9085 0.254390 0.507812 0.022211 0.104441
0 9095 0.272469 0.500000 0.016012 0.085526
0 9092 0.287707 0.499589 0.015496 0.081414
0 9086 0.305785 0.499178 0.013430 0.069079
0 9088 0.241477 0.502467 0.012913 0.077303
0 9096 0.618285 0.486842 0.006198 0.023026
0 9094 0.174845 0.504523 0.038740 0.112664
0 9097 0.647469 0.507812 0.012913 0.050164
