1 1208 0.433884 0.473684 0.027893 0.041118
1 1210 0.493285 0.474918 0.018595 0.027138
1 1216 0.571023 0.498355 0.033574 0.042763
1 1221 0.853564 0.614309 0.291839 0.371711
1 1217 0.543388 0.481086 0.024793 0.032895
1 1218 0.604339 0.492599 0.028926 0.031250
0 9095 0.240702 0.504523 0.018595 0.097862
0 9092 0.260589 0.504523 0.018079 0.094572
0 9086 0.284091 0.505345 0.016529 0.071546
0 9085 0.213843 0.516036 0.027893 0.119243
0 9096 0.621901 0.489309 0.006198 0.023026
0 9094 0.135072 0.509046 0.033574 0.113487
0 9097 0.679236 0.525082 0.021694 0.066612
