1 1208 0.431818 0.473684 0.029959 0.041118
1 1210 0.494060 0.474507 0.017045 0.026316
1 1216 0.581353 0.500822 0.035640 0.046053
1 1222 0.908574 0.615543 0.181818 0.369243
1 1217 0.547779 0.479852 0.026343 0.037007
1 1218 0.610795 0.492599 0.030475 0.034539
1 1223 0.452221 0.465872 0.012913 0.027138
1 1224 0.529184 0.469984 0.014979 0.020559
0 9095 0.206095 0.506579 0.026860 0.116776
0 9092 0.231921 0.509046 0.023760 0.106908
0 9085 0.168905 0.518503 0.030992 0.147204
0 9094 0.087810 0.512747 0.040289 0.142270
0 9097 0.722107 0.533717 0.019628 0.067434
0 9098 0.795713 0.529194 0.017045 0.068257
0 9099 0.741736 0.506579 0.013430 0.042763
