1 1208 0.428977 0.472039 0.032541 0.044408
1 1210 0.494060 0.471217 0.019112 0.026316
1 1216 0.590651 0.504112 0.048037 0.052632
1 1217 0.552169 0.478618 0.028926 0.037829
1 1218 0.617510 0.490954 0.029442 0.036184
1 1223 0.451446 0.465461 0.012397 0.026316
1 1224 0.531250 0.469161 0.013946 0.020559
0 9095 0.153667 0.515214 0.031508 0.138980
0 9092 0.186725 0.512336 0.026343 0.123355
0 9085 0.096591 0.530428 0.047521 0.172697
0 9094 0.022469 0.521382 0.045971 0.157895
0 9097 0.796746 0.546053 0.039773 0.098684
0 9099 0.757231 0.510280 0.018595 0.055099
0 9098 0.825155 0.519326 0.014979 0.048520
