1 1208 0.425362 0.469572 0.036674 0.044408
1 1210 0.494576 0.467928 0.019112 0.026316
1 1216 0.609246 0.504934 0.050103 0.065789
1 1217 0.557851 0.477796 0.032025 0.044408
1 1223 0.450155 0.461760 0.016012 0.025493
1 1224 0.534349 0.465461 0.016012 0.023026
0 9092 0.126808 0.521382 0.030475 0.152961
0 9100 0.149793 0.516859 0.020661 0.117599
0 9095 0.084711 0.517681 0.040289 0.162007
0 9101 0.022211 0.534951 0.045455 0.185033
0 9099 0.773244 0.506990 0.019628 0.061678
0 9098 0.859246 0.534539 0.022211 0.082237
0 9102 0.176911 0.499589 0.020145 0.081414
