1 1208 0.423812 0.470806 0.035640 0.046875
1 1210 0.495868 0.469984 0.020661 0.028783
1 1216 0.632748 0.512336 0.064050 0.082237
1 1217 0.568698 0.482730 0.032025 0.044408
1 1223 0.449897 0.462993 0.016529 0.027961
1 1224 0.537707 0.468339 0.017562 0.022204
0 9100 0.076446 0.533306 0.038223 0.153783
0 9092 0.029442 0.539474 0.039256 0.189145
0 9099 0.786674 0.513569 0.015496 0.066612
0 9098 0.902634 0.539062 0.024277 0.086349
0 9103 0.387913 0.470806 0.011364 0.038651
0 9104 0.396952 0.471628 0.008781 0.035362
