1 1208 0.416839 0.474507 0.041322 0.054276
1 1210 0.498192 0.474507 0.021178 0.029605
1 1216 0.711777 0.550164 0.112603 0.131579
1 1217 0.584969 0.491365 0.045971 0.061678
1 1223 0.447831 0.466694 0.019628 0.028783
1 1224 0.545455 0.473684 0.019628 0.024671
1 1225 0.643337 0.496299 0.044938 0.043586
0 9106 0.162707 0.528783 0.020661 0.083882
0 9099 0.823864 0.521793 0.012397 0.071546
0 9107 0.957645 0.557155 0.025826 0.106086
0 9103 0.374225 0.478207 0.013946 0.045230
0 9104 0.385847 0.474507 0.007231 0.037829
