1 1208 0.413998 0.478618 0.044938 0.059211
1 1210 0.498192 0.474507 0.021178 0.029605
1 1216 0.802428 0.587171 0.187500 0.175987
1 1217 0.597624 0.499178 0.054752 0.072368
1 1223 0.445506 0.468339 0.020145 0.030428
1 1224 0.549329 0.479852 0.021178 0.030428
1 1225 0.652376 0.502878 0.045455 0.045230
1 1226 0.533574 0.468339 0.011364 0.015625
1 1227 0.523760 0.461760 0.008264 0.013980
0 9108 0.957645 0.557155 0.025826 0.106086
0 9103 0.365702 0.480263 0.012397 0.046053
0 9104 0.380424 0.476974 0.008781 0.042763
0 9109 0.674845 0.490954 0.010847 0.021382
