1 1208 0.409349 0.473273 0.045971 0.060033
1 1210 0.498709 0.474507 0.022211 0.029605
1 1228 0.802428 0.587171 0.187500 0.175987
1 1217 0.615961 0.501234 0.068698 0.084704
1 1223 0.444731 0.463816 0.020661 0.036184
1 1224 0.555010 0.479030 0.024277 0.032072
1 1225 0.665289 0.501234 0.044421 0.051809
1 1226 0.535899 0.463816 0.012913 0.023026
1 1227 0.525310 0.458882 0.009298 0.014803
0 9110 0.957645 0.557155 0.025826 0.106086
0 9103 0.354339 0.475740 0.009298 0.051809
0 9104 0.373192 0.475329 0.008781 0.042763
0 9109 0.684917 0.487664 0.008264 0.019737
