1 1208 0.382490 0.482730 0.065599 0.082237
1 1210 0.500000 0.476974 0.024793 0.034539
1 1217 0.853048 0.589638 0.292872 0.273026
1 1223 0.438275 0.470395 0.024277 0.036184
1 1224 0.586519 0.488076 0.039773 0.050164
1 1226 0.546746 0.469572 0.017045 0.027961
1 1227 0.532025 0.463405 0.012397 0.017270
1 1225 0.695764 0.505345 0.037190 0.058388
0 9103 0.296746 0.488076 0.014979 0.076480
0 9111 0.315083 0.478618 0.014463 0.067434
0 9112 0.328771 0.484375 0.010847 0.057566
0 9113 0.667872 0.488487 0.010331 0.039474
0 9114 0.680269 0.487253 0.007231 0.028783
