1 1208 0.373192 0.487253 0.073864 0.091283
1 1210 0.500000 0.481086 0.025826 0.036184
1 1223 0.435434 0.476151 0.026860 0.036184
1 1224 0.599690 0.495888 0.046488 0.059211
1 1226 0.551136 0.474095 0.017562 0.030428
1 1227 0.534866 0.467928 0.013946 0.018092
1 1225 0.730372 0.515625 0.082645 0.069079
1 1217 0.910640 0.622122 0.174587 0.347862
1 1229 0.523760 0.460938 0.008264 0.013980
0 9103 0.271952 0.494243 0.018079 0.083882
0 9111 0.296746 0.483553 0.016012 0.075658
0 9112 0.311983 0.490132 0.017562 0.062500
0 9113 0.675103 0.492599 0.012397 0.041118
0 9114 0.689050 0.497122 0.008264 0.041941
