1 1208 0.361829 0.497122 0.082128 0.097862
1 1210 0.500775 0.486842 0.025310 0.037829
1 1223 0.433884 0.481497 0.027893 0.038651
1 1224 0.616477 0.509046 0.059401 0.069079
1 1226 0.555269 0.482319 0.018595 0.033717
1 1227 0.536674 0.474507 0.014463 0.019737
1 1225 0.752066 0.527549 0.090909 0.074836
1 1229 0.525052 0.467516 0.008781 0.013980
0 9103 0.243543 0.505345 0.018079 0.087993
0 9111 0.276343 0.492599 0.018595 0.085526
0 9112 0.295455 0.498355 0.017562 0.070724
0 9113 0.683884 0.500822 0.011364 0.041118
0 9114 0.698089 0.506579 0.008781 0.046053
