1 1208 0.347107 0.502878 0.094008 0.109375
1 1210 0.501033 0.490543 0.025826 0.040296
1 1223 0.431043 0.487664 0.028409 0.039474
1 1224 0.641012 0.523438 0.074380 0.074836
1 1226 0.559917 0.487664 0.021694 0.036184
1 1227 0.538740 0.479030 0.015496 0.020559
1 1225 0.776343 0.536184 0.104339 0.085526
1 1229 0.526085 0.471217 0.008781 0.013158
0 9103 0.203512 0.516859 0.022727 0.109375
0 9111 0.247159 0.497944 0.024277 0.092928
0 9112 0.269628 0.508224 0.020661 0.082237
0 9113 0.693440 0.504934 0.011880 0.046053
0 9114 0.707903 0.510691 0.008781 0.046053
