1 1208 0.329029 0.506990 0.110537 0.124178
1 1210 0.501033 0.490543 0.025826 0.040296
1 1223 0.428202 0.487253 0.029959 0.038651
1 1224 0.676653 0.537007 0.101240 0.093750
1 1226 0.565599 0.489720 0.022727 0.040296
1 1227 0.540806 0.479030 0.015496 0.022204
1 1225 0.806043 0.542352 0.120351 0.089638
1 1229 0.528151 0.472451 0.009814 0.015625
0 9103 0.152893 0.522204 0.024793 0.129934
0 9111 0.214876 0.502467 0.024793 0.108553
0 9112 0.238895 0.511513 0.021178 0.095395
0 9113 0.703512 0.500411 0.011364 0.033717
0 9114 0.719783 0.508635 0.011880 0.041941
0 9115 0.399793 0.485609 0.009298 0.035362
