1 1208 0.306560 0.509868 0.131715 0.141447
1 1210 0.502324 0.490132 0.028409 0.039474
1 1223 0.425878 0.486431 0.030475 0.043586
1 1224 0.736054 0.551398 0.151860 0.120888
1 1226 0.572572 0.489309 0.026343 0.044408
1 1227 0.544163 0.478618 0.018079 0.023026
1 1225 0.841942 0.545641 0.140496 0.102796
1 1229 0.529184 0.470395 0.010847 0.016447
0 9103 0.075413 0.537007 0.049587 0.146382
0 9111 0.169938 0.504934 0.030992 0.125000
0 9112 0.198089 0.515214 0.025310 0.099507
0 9115 0.394370 0.484375 0.007748 0.036184
0 9116 0.388688 0.482319 0.006715 0.037007
