1 1208 0.278151 0.512336 0.158574 0.164474
1 1210 0.502583 0.489720 0.028926 0.038651
1 1223 0.423037 0.483141 0.033058 0.046875
1 1224 0.859504 0.585938 0.278926 0.193257
1 1226 0.581353 0.488898 0.029442 0.048520
1 1227 0.547779 0.476151 0.019112 0.026316
1 1229 0.530475 0.467928 0.012397 0.016447
0 9111 0.113378 0.509046 0.037707 0.143092
0 9112 0.142820 0.523438 0.027376 0.129112
0 9115 0.391529 0.481086 0.008264 0.037829
0 9116 0.383523 0.480263 0.007748 0.039474
0 9117 0.723399 0.501645 0.014979 0.047697
0 9118 0.736829 0.502467 0.010847 0.041118
0 9119 0.746901 0.501645 0.009298 0.037829
