1 1208 0.240702 0.520148 0.198347 0.203125
1 1210 0.504132 0.492188 0.030992 0.041941
1 1223 0.421229 0.486020 0.034607 0.052632
1 1224 0.922521 0.635280 0.153926 0.239309
1 1226 0.593233 0.494655 0.034607 0.056743
1 1227 0.552944 0.480674 0.020145 0.028783
1 1229 0.534091 0.472451 0.012397 0.018914
0 9111 0.022727 0.523438 0.046488 0.185033
0 9112 0.063017 0.537007 0.047521 0.152961
0 9115 0.387138 0.486431 0.006715 0.041941
0 9116 0.378357 0.483964 0.009814 0.041941
0 9119 0.763946 0.514391 0.012397 0.060033
0 9117 0.736054 0.502467 0.012397 0.041118
0 9118 0.748450 0.508224 0.011364 0.046053
