1 1208 0.184659 0.534539 0.263946 0.241776
1 1210 0.506715 0.492599 0.030992 0.042763
1 1223 0.418388 0.488487 0.039256 0.054276
1 1225 0.944731 0.569901 0.109504 0.131579
1 1226 0.608213 0.500000 0.039773 0.062500
1 1227 0.558884 0.483553 0.021694 0.029605
1 1229 0.536157 0.473273 0.014463 0.020559
0 9120 0.386622 0.487253 0.007748 0.040296
0 9115 0.378874 0.487664 0.009814 0.044408
0 9119 0.781508 0.518092 0.012397 0.060855
0 9117 0.752841 0.510691 0.012913 0.055921
0 9121 0.346333 0.492599 0.010847 0.055921
0 9122 0.333936 0.492188 0.011880 0.061678
