1 1208 0.142562 0.544819 0.285124 0.316612
1 1210 0.508006 0.487664 0.032541 0.049342
1 1223 0.415031 0.486020 0.039773 0.054276
1 1226 0.626550 0.501234 0.048554 0.073191
1 1227 0.564566 0.478618 0.023760 0.032895
1 1229 0.540031 0.469572 0.011880 0.019737
0 9123 0.368027 0.483141 0.008781 0.045230
0 9115 0.373709 0.486020 0.009814 0.047697
0 9119 0.802169 0.516036 0.013430 0.063322
0 9117 0.767562 0.498355 0.011364 0.037829
0 9121 0.338585 0.488487 0.010847 0.055921
0 9122 0.325413 0.478207 0.013430 0.045230
