1 1208 0.118802 0.587582 0.238636 0.416941
1 1210 0.510072 0.488898 0.033574 0.051809
1 1223 0.411415 0.488898 0.044938 0.056743
1 1226 0.651343 0.510691 0.060950 0.087171
1 1227 0.571023 0.483553 0.025310 0.034539
1 1229 0.543130 0.472862 0.012913 0.021382
0 9115 0.366736 0.489309 0.009298 0.050987
0 9124 0.375517 0.485197 0.011364 0.044408
0 9119 0.825930 0.522615 0.017562 0.069901
0 9117 0.774793 0.504523 0.013430 0.037007
0 9121 0.329804 0.493832 0.010847 0.064967
0 9122 0.315857 0.483141 0.016012 0.045230
