1 1210 0.513171 0.490132 0.035640 0.054276
1 1223 0.402118 0.493832 0.050103 0.064967
1 1226 0.744318 0.537829 0.119835 0.144737
1 1227 0.587552 0.488898 0.032541 0.043586
1 1229 0.549070 0.474918 0.014463 0.023849
0 9121 0.307593 0.499589 0.017045 0.076480
0 9115 0.348140 0.494243 0.016529 0.060855
0 9119 0.876033 0.529194 0.017562 0.079770
0 9117 0.823347 0.520970 0.019628 0.068257
0 9125 0.290806 0.493010 0.015496 0.069901
0 9124 0.360279 0.488898 0.011880 0.055099
0 9126 0.373450 0.489309 0.011364 0.044408
