1 1210 0.516271 0.494243 0.037707 0.055921
1 1223 0.397211 0.497122 0.053719 0.069901
1 1226 0.848399 0.571957 0.193698 0.203125
1 1227 0.598915 0.493010 0.037707 0.050164
1 1229 0.553461 0.476974 0.016012 0.024671
0 9121 0.292872 0.504934 0.016529 0.082237
0 9115 0.338585 0.497122 0.016012 0.064967
0 9125 0.276343 0.498766 0.016529 0.079770
0 9124 0.352531 0.493832 0.011880 0.058388
0 9126 0.366219 0.493421 0.009298 0.047697
0 9127 0.709969 0.498355 0.008781 0.042763
0 9128 0.689050 0.493832 0.010331 0.038651
0 9129 0.677169 0.490954 0.007231 0.034539
0 9130 0.635847 0.485609 0.006198 0.027138
