1 1210 0.519112 0.497533 0.038223 0.057566
1 1223 0.391529 0.500411 0.059917 0.076480
1 1227 0.613636 0.500411 0.044421 0.058388
1 1229 0.558626 0.480263 0.016012 0.026316
0 9121 0.275310 0.508224 0.017562 0.088816
0 9115 0.325930 0.502878 0.017562 0.071546
0 9125 0.258781 0.502467 0.017562 0.088816
0 9124 0.344783 0.497944 0.012913 0.063322
0 9126 0.358213 0.499178 0.009814 0.059211
0 9127 0.725723 0.503701 0.008264 0.041941
0 9128 0.700930 0.497944 0.011364 0.038651
0 9130 0.641012 0.487664 0.005165 0.029605
