1 1210 0.522727 0.495066 0.038223 0.057566
1 1223 0.384814 0.501645 0.067149 0.085526
1 1227 0.631715 0.504523 0.052686 0.066612
1 1229 0.563017 0.479852 0.018595 0.027138
0 9121 0.253357 0.509457 0.020145 0.101151
0 9115 0.309401 0.503289 0.021694 0.080592
0 9125 0.234504 0.504112 0.018595 0.095395
0 9124 0.333161 0.496711 0.015496 0.065789
0 9126 0.348140 0.500000 0.011364 0.062500
0 9131 0.749225 0.510280 0.009814 0.053454
0 9127 0.739411 0.504523 0.010847 0.046875
0 9132 0.423554 0.478618 0.007231 0.034539
0 9128 0.711777 0.499178 0.012397 0.041118
