1 1210 0.525052 0.496711 0.040806 0.062500
1 1223 0.374742 0.503289 0.075930 0.092105
1 1227 0.655475 0.511513 0.066116 0.080592
1 1229 0.567407 0.481497 0.019112 0.030428
0 9121 0.224174 0.515214 0.023760 0.109375
0 9115 0.290548 0.506990 0.021178 0.091283
0 9125 0.205062 0.505345 0.018595 0.104441
0 9133 0.306043 0.502467 0.012913 0.077303
0 9124 0.318698 0.496711 0.017562 0.070724
0 9131 0.762655 0.511102 0.013946 0.055099
0 9128 0.723915 0.499178 0.013946 0.042763
0 9132 0.422262 0.479441 0.007748 0.036184
0 9134 0.711002 0.497122 0.008781 0.041941
0 9135 0.444731 0.477796 0.006198 0.026316
0 9136 0.450930 0.474918 0.004132 0.022204
0 9127 0.753357 0.504934 0.010847 0.050987
