1 1210 0.527634 0.498766 0.042872 0.066612
1 1223 0.363895 0.508224 0.085227 0.103618
1 1227 0.688791 0.523026 0.087293 0.100329
1 1229 0.573089 0.483141 0.021178 0.030428
0 9121 0.187500 0.515214 0.030992 0.120888
0 9115 0.264979 0.513158 0.019628 0.103618
0 9125 0.170713 0.507812 0.022211 0.117599
0 9133 0.274535 0.501645 0.017045 0.087171
0 9137 0.285640 0.502467 0.019628 0.090461
0 9131 0.778151 0.518092 0.013946 0.057566
0 9128 0.737345 0.504112 0.013946 0.047697
0 9138 0.410382 0.482319 0.009814 0.040296
0 9134 0.723915 0.500000 0.009814 0.041118
0 9135 0.444731 0.477796 0.006198 0.026316
0 9136 0.451188 0.476151 0.003616 0.019737
0 9127 0.769628 0.511924 0.011364 0.058388
0 9139 0.207386 0.513569 0.021178 0.114309
0 9124 0.301395 0.502056 0.016012 0.081414
0 9132 0.421746 0.479030 0.008781 0.035362
