1 1210 0.531250 0.498766 0.043905 0.068257
1 1223 0.351498 0.509046 0.097624 0.115132
1 1227 0.740444 0.537007 0.123450 0.129934
1 1229 0.579804 0.483553 0.023244 0.034539
0 9121 0.139721 0.522615 0.030475 0.142270
0 9115 0.223915 0.516859 0.032541 0.120888
0 9125 0.123450 0.515625 0.021694 0.128289
0 9137 0.261622 0.509046 0.020145 0.101974
0 9124 0.279959 0.506168 0.022727 0.101151
0 9140 0.831612 0.515625 0.013430 0.059211
0 9141 0.663223 0.489720 0.007231 0.032072
0 9138 0.408058 0.482319 0.011364 0.040296
0 9142 0.650568 0.488076 0.013946 0.030428
0 9135 0.444473 0.474095 0.006715 0.022204
0 9128 0.795713 0.504112 0.014979 0.036184
0 9139 0.165548 0.516447 0.027376 0.139803
0 9133 0.240444 0.505757 0.016012 0.110197
0 9132 0.420455 0.476562 0.009298 0.035362
