1 1210 0.533833 0.500411 0.047004 0.071546
1 1223 0.334711 0.514391 0.116736 0.125822
1 1227 0.836519 0.564556 0.211260 0.185033
1 1229 0.586777 0.485197 0.025826 0.039474
0 9139 0.111312 0.520148 0.031508 0.155428
0 9115 0.175620 0.527549 0.056818 0.148849
0 9121 0.075930 0.530839 0.042355 0.170230
0 9137 0.229855 0.513569 0.026860 0.119243
0 9124 0.253874 0.505757 0.025310 0.103618
0 9143 0.724174 0.498355 0.010331 0.041118
0 9141 0.668647 0.490954 0.005682 0.031250
0 9138 0.405992 0.482730 0.011364 0.041118
0 9135 0.443957 0.474095 0.006715 0.022204
0 9144 0.132231 0.515625 0.022727 0.139803
0 9133 0.202738 0.520148 0.029442 0.130757
0 9132 0.419163 0.477796 0.008781 0.034539
