1 1210 0.536157 0.502878 0.048554 0.076480
1 1223 0.311725 0.523849 0.138946 0.148026
1 1227 0.910899 0.617599 0.177169 0.264803
1 1229 0.593750 0.487664 0.029442 0.042763
0 9144 0.075155 0.522204 0.035640 0.151316
0 9133 0.143337 0.526727 0.042872 0.158717
0 9139 0.042614 0.534539 0.051136 0.187500
0 9124 0.211777 0.512747 0.027893 0.119243
0 9145 0.769112 0.502467 0.010331 0.047697
0 9146 0.787707 0.508635 0.016529 0.056743
0 9138 0.402634 0.484786 0.009814 0.043586
0 9135 0.442924 0.474507 0.004649 0.023026
0 9115 0.095816 0.542352 0.051136 0.185033
0 9137 0.183110 0.525082 0.032541 0.142270
0 9132 0.416581 0.476151 0.008781 0.031250
0 9143 0.732438 0.501234 0.011364 0.041941
0 9147 0.744835 0.499589 0.010331 0.041941
0 9141 0.673812 0.490954 0.006715 0.032895
