1 1210 0.538481 0.498766 0.051136 0.078125
1 1223 0.280217 0.523438 0.166839 0.186678
1 1229 0.603048 0.485197 0.033574 0.046053
0 9137 0.116994 0.532895 0.037707 0.167763
0 9124 0.156250 0.528783 0.040806 0.162829
0 9133 0.050362 0.539062 0.058368 0.203125
0 9148 0.864928 0.515625 0.016012 0.072368
0 9149 0.908058 0.523849 0.015496 0.069079
0 9138 0.398502 0.481908 0.008781 0.046053
0 9135 0.440083 0.472451 0.007231 0.023849
0 9132 0.413998 0.474507 0.007748 0.032895
0 9145 0.785640 0.498355 0.010331 0.047697
0 9146 0.802944 0.507401 0.013946 0.060855
0 9147 0.755424 0.496299 0.008781 0.046875
0 9150 0.969525 0.541118 0.034091 0.080592
0 9143 0.740702 0.498766 0.012397 0.045230
0 9151 0.668905 0.488898 0.025826 0.033717
