1 1210 0.540806 0.493421 0.052686 0.080592
1 1223 0.237087 0.526727 0.215909 0.222862
1 1229 0.613636 0.480674 0.039256 0.053454
0 9124 0.078512 0.523849 0.051653 0.175987
0 9137 0.020145 0.539885 0.039256 0.211349
0 9148 0.894628 0.516036 0.017562 0.078125
0 9149 0.940599 0.518092 0.017562 0.077303
0 9138 0.395403 0.474507 0.010847 0.046053
0 9135 0.438533 0.466694 0.008264 0.027138
0 9132 0.410382 0.466694 0.008781 0.033717
0 9145 0.803977 0.500822 0.011880 0.067434
0 9146 0.824897 0.502467 0.014463 0.064145
0 9147 0.766271 0.492599 0.010847 0.049342
0 9143 0.749742 0.493010 0.012913 0.046875
0 9151 0.673812 0.482730 0.028409 0.039474
