1 1210 0.542097 0.493832 0.055269 0.081414
1 1223 0.171229 0.547697 0.292872 0.261513
1 1229 0.627583 0.481086 0.046488 0.059211
0 9148 0.935434 0.516859 0.013430 0.084704
0 9149 0.979081 0.518092 0.020145 0.087171
0 9138 0.389721 0.475740 0.014979 0.046875
0 9135 0.436209 0.466694 0.007748 0.027138
0 9132 0.405733 0.465049 0.008781 0.035362
0 9145 0.823089 0.493832 0.016012 0.056743
0 9146 0.849948 0.502467 0.020145 0.070724
0 9147 0.778151 0.490132 0.011880 0.050987
0 9143 0.760331 0.491365 0.014463 0.050164
0 9151 0.678202 0.481086 0.027893 0.036184
