1 1210 0.544421 0.504523 0.055785 0.087993
1 1223 0.140754 0.573602 0.282541 0.384046
1 1229 0.644370 0.496299 0.057335 0.069901
0 9148 0.980630 0.532484 0.023244 0.097862
0 9138 0.383006 0.487253 0.014979 0.050164
0 9135 0.433884 0.476974 0.007231 0.029605
0 9132 0.401860 0.482319 0.009298 0.043586
0 9145 0.845041 0.506990 0.013430 0.060033
0 9146 0.880424 0.516447 0.019112 0.078947
0 9147 0.790806 0.505345 0.013430 0.053454
0 9143 0.774277 0.505345 0.014463 0.050164
0 9151 0.684659 0.492188 0.024277 0.040296
