1 1210 0.600465 0.527961 0.081095 0.121711
1 1231 0.505165 0.490954 0.025826 0.029605
0 9172 0.311725 0.505345 0.020145 0.097862
0 9183 0.391012 0.495066 0.013430 0.065789
0 9176 0.787707 0.522204 0.014463 0.047697
0 9177 0.770145 0.516447 0.011364 0.046053
0 9173 0.413998 0.485197 0.010847 0.044408
0 9187 0.674587 0.501234 0.006198 0.027138
0 9188 0.682335 0.502056 0.006198 0.028783
0 9189 0.635331 0.493832 0.006198 0.022204
0 9190 0.662965 0.499178 0.006715 0.026316
0 9191 0.655217 0.498355 0.005682 0.023026
0 9192 0.649793 0.495888 0.004132 0.019737
