1 1210 0.607438 0.526316 0.083678 0.118421
1 1231 0.509814 0.490543 0.026860 0.030428
0 9172 0.299587 0.506168 0.022727 0.111020
0 9183 0.391271 0.495477 0.013946 0.066612
0 9176 0.807851 0.523026 0.013430 0.050987
0 9177 0.787448 0.516859 0.011880 0.050164
0 9173 0.413998 0.485197 0.010847 0.044408
0 9193 0.683884 0.500000 0.007231 0.026316
0 9194 0.692924 0.500000 0.007748 0.027961
0 9195 0.642820 0.493010 0.004649 0.022204
0 9196 0.671746 0.497533 0.006715 0.026316
0 9197 0.663740 0.496711 0.007231 0.023026
0 9198 0.650826 0.495066 0.004132 0.019737
