1 1210 0.630424 0.520970 0.082128 0.114309
1 1231 0.521436 0.490132 0.027376 0.032895
0 9172 0.182851 0.523438 0.040289 0.176809
0 9183 0.368802 0.490954 0.018595 0.082237
0 9176 0.889463 0.533717 0.017562 0.064145
0 9177 0.852014 0.525493 0.013946 0.055921
0 9193 0.713068 0.502878 0.007748 0.032072
0 9201 0.722882 0.504934 0.006715 0.032895
0 9196 0.701705 0.500000 0.006715 0.031250
0 9202 0.694990 0.498355 0.005682 0.023026
0 9203 0.732696 0.505345 0.008781 0.035362
0 9204 0.452479 0.479852 0.014463 0.041941
0 9197 0.687242 0.497944 0.007748 0.025493
