1 1210 0.628357 0.523438 0.079029 0.106086
1 1231 0.512913 0.495477 0.034091 0.040296
0 9183 0.314308 0.508224 0.022211 0.125000
0 9176 0.956353 0.547697 0.023244 0.074013
0 9177 0.901085 0.536184 0.016012 0.069079
0 9193 0.720041 0.508224 0.008264 0.032895
0 9201 0.731147 0.510280 0.009814 0.035362
0 9196 0.710744 0.503701 0.007231 0.030428
0 9203 0.752841 0.510691 0.008781 0.037829
0 9204 0.427944 0.494243 0.019112 0.077303
0 9205 0.701705 0.503701 0.007748 0.028783
0 9206 0.691374 0.503701 0.005682 0.027138
