1 1210 0.622417 0.510280 0.077479 0.099507
1 1231 0.506973 0.486431 0.033574 0.041941
0 9193 0.726756 0.502467 0.009298 0.036184
0 9203 0.767562 0.504934 0.010331 0.039474
0 9196 0.716942 0.499589 0.007231 0.035362
0 9204 0.402893 0.485197 0.022727 0.095395
0 9205 0.701963 0.497533 0.007231 0.027961
0 9206 0.692924 0.496299 0.006715 0.030428
0 9207 0.454287 0.480674 0.011880 0.043586
0 9201 0.737603 0.504112 0.009298 0.032895
0 9208 0.666322 0.490543 0.007231 0.028783
0 9209 0.935176 0.535362 0.026343 0.074013
