1 1210 0.617769 0.511924 0.074380 0.101151
1 1231 0.501291 0.488487 0.038740 0.044408
0 9193 0.728822 0.502878 0.008264 0.037007
0 9203 0.777634 0.510691 0.009814 0.041118
0 9196 0.719267 0.501645 0.006715 0.037829
0 9204 0.383264 0.495066 0.028926 0.108553
0 9205 0.703512 0.498766 0.007231 0.030428
0 9206 0.692924 0.497533 0.006715 0.032895
0 9207 0.449122 0.486842 0.014979 0.050987
0 9201 0.739669 0.503701 0.009298 0.038651
0 9208 0.665806 0.491365 0.006198 0.028783
0 9209 0.956870 0.538240 0.020145 0.079770
0 9210 0.224432 0.511924 0.037707 0.175164
