1 1210 0.611829 0.510280 0.072831 0.096217
1 1231 0.495351 0.490954 0.042355 0.047697
0 9193 0.731147 0.504934 0.009814 0.039474
0 9203 0.786157 0.511513 0.010331 0.044408
0 9196 0.722366 0.503289 0.006715 0.037829
0 9204 0.360537 0.500000 0.027893 0.123355
0 9205 0.704545 0.500411 0.007231 0.033717
0 9206 0.692665 0.498355 0.007231 0.031250
0 9207 0.440341 0.488487 0.013946 0.054276
0 9201 0.741994 0.507812 0.008781 0.037007
0 9208 0.665031 0.493010 0.005682 0.030428
0 9209 0.976756 0.541941 0.027893 0.092105
