1 1210 0.595816 0.513158 0.065599 0.090461
1 1231 0.482696 0.502878 0.047004 0.055099
1 1233 0.434143 0.488076 0.055269 0.038651
0 9193 0.738636 0.511102 0.009298 0.038651
0 9203 0.821281 0.523849 0.014463 0.052632
0 9204 0.248967 0.526727 0.039256 0.222862
0 9205 0.704287 0.504523 0.007748 0.028783
0 9206 0.695506 0.504934 0.006715 0.031250
0 9207 0.413998 0.500411 0.022211 0.068257
0 9201 0.750000 0.515625 0.010331 0.039474
0 9208 0.665031 0.498766 0.005682 0.030428
0 9211 0.116219 0.546464 0.061983 0.275493
0 9212 0.353048 0.490543 0.014979 0.066612
0 9213 0.658833 0.499178 0.004649 0.024671
