1 1210 0.589101 0.512336 0.064566 0.085526
1 1231 0.481663 0.504523 0.044938 0.058388
1 1233 0.434143 0.488076 0.055269 0.038651
0 9193 0.744060 0.511513 0.010847 0.042763
0 9203 0.836777 0.524260 0.014463 0.058388
0 9204 0.187500 0.543997 0.082645 0.265625
0 9205 0.711777 0.506579 0.009298 0.032895
0 9206 0.696798 0.506168 0.007231 0.030428
0 9207 0.405992 0.505345 0.020661 0.069901
0 9201 0.755940 0.515625 0.009814 0.042763
0 9208 0.666581 0.500411 0.006715 0.032072
0 9211 0.031508 0.559211 0.063017 0.348684
0 9212 0.340134 0.495888 0.017045 0.078947
0 9213 0.659607 0.499178 0.006198 0.024671
0 9214 0.097882 0.453536 0.058368 0.185033
0 9215 0.367769 0.490543 0.012397 0.061678
0 9216 0.377841 0.481908 0.010847 0.047697
