1 1210 0.583936 0.508635 0.060434 0.083059
1 1231 0.474948 0.505757 0.053202 0.060855
1 1233 0.428977 0.488076 0.048037 0.043586
0 9193 0.747159 0.512747 0.010847 0.041941
0 9203 0.855888 0.526316 0.017562 0.060855
0 9205 0.710744 0.506990 0.008264 0.033717
0 9206 0.700413 0.505757 0.008264 0.032895
0 9207 0.396694 0.502878 0.017562 0.081414
0 9201 0.761880 0.513569 0.010331 0.041941
0 9208 0.667872 0.498355 0.007231 0.034539
0 9204 0.047004 0.579359 0.095041 0.423520
0 9215 0.356663 0.491776 0.014979 0.065789
0 9213 0.660899 0.499589 0.006715 0.027138
0 9216 0.370351 0.480674 0.010331 0.048520
