1 1210 0.578254 0.508224 0.058368 0.077303
1 1231 0.473399 0.506579 0.054236 0.064145
1 1233 0.419938 0.491365 0.049587 0.050164
0 9193 0.752066 0.514803 0.009298 0.041118
0 9203 0.878616 0.529605 0.016529 0.067434
0 9217 0.722107 0.508635 0.009298 0.035362
0 9206 0.704029 0.505757 0.008264 0.032895
0 9207 0.385589 0.506168 0.019112 0.091283
0 9201 0.764463 0.515625 0.014463 0.046053
0 9208 0.670713 0.500000 0.006715 0.032895
0 9215 0.344008 0.489720 0.014463 0.069901
0 9213 0.662448 0.499589 0.006715 0.027138
0 9216 0.363120 0.479030 0.010331 0.048520
