1 1210 0.576188 0.507401 0.054236 0.075658
1 1231 0.472624 0.509046 0.052686 0.069079
1 1233 0.419938 0.491365 0.049587 0.050164
0 9193 0.759298 0.516447 0.009298 0.044408
0 9203 0.903926 0.534539 0.023760 0.077303
0 9217 0.729339 0.510280 0.009298 0.038651
0 9218 0.717459 0.509868 0.009298 0.041118
0 9219 0.311983 0.503701 0.018595 0.092928
0 9201 0.774277 0.513569 0.013430 0.046875
0 9206 0.708161 0.506168 0.007231 0.032072
0 9220 0.295455 0.503289 0.018595 0.100329
0 9213 0.662448 0.499589 0.006715 0.027138
0 9207 0.373709 0.509457 0.023244 0.099507
0 9208 0.673037 0.501234 0.008264 0.035362
0 9216 0.355372 0.481908 0.011364 0.047697
0 9215 0.330320 0.495477 0.014979 0.073191
