1 1210 0.569215 0.507401 0.053719 0.075658
1 1231 0.467459 0.512747 0.060950 0.073191
1 1233 0.406250 0.495888 0.067665 0.062500
0 9193 0.765754 0.518092 0.012913 0.049342
0 9203 0.929494 0.539474 0.022211 0.074013
0 9217 0.737087 0.511924 0.009298 0.038651
0 9218 0.728048 0.513569 0.007748 0.037007
0 9219 0.297262 0.507401 0.013946 0.101974
0 9201 0.784607 0.516447 0.009298 0.047697
0 9206 0.712552 0.509046 0.006715 0.032895
0 9220 0.280733 0.504523 0.016012 0.107730
0 9213 0.669163 0.504112 0.005682 0.029605
0 9207 0.358729 0.515625 0.026343 0.111842
0 9208 0.677944 0.504112 0.007748 0.037829
0 9221 0.328254 0.485609 0.009814 0.058388
0 9215 0.316116 0.495066 0.015496 0.075658
0 9222 0.687758 0.507812 0.008781 0.037007
