1 1210 0.566632 0.504934 0.052686 0.074013
1 1231 0.467200 0.514391 0.060434 0.076480
1 1233 0.403409 0.496299 0.073347 0.061678
0 9193 0.771436 0.518092 0.012913 0.049342
0 9203 0.965393 0.542763 0.024793 0.085526
0 9217 0.745093 0.512747 0.007748 0.040296
0 9218 0.735279 0.513980 0.007748 0.037829
0 9219 0.277118 0.509046 0.018079 0.115132
0 9201 0.799070 0.518092 0.009298 0.047697
0 9206 0.717975 0.509046 0.007231 0.032895
0 9220 0.258264 0.506579 0.020661 0.120066
0 9213 0.671746 0.504934 0.005682 0.029605
0 9207 0.345041 0.520559 0.032025 0.121711
0 9208 0.680010 0.504934 0.008781 0.037829
0 9221 0.317924 0.484786 0.009814 0.061678
0 9215 0.304494 0.492188 0.014979 0.081414
0 9222 0.691632 0.508635 0.007231 0.035362
