1 1210 0.562758 0.502878 0.050103 0.071546
1 1231 0.461777 0.513980 0.071281 0.082237
1 1233 0.398502 0.494655 0.071798 0.061678
0 9193 0.779184 0.518092 0.011880 0.050987
0 9217 0.753357 0.510691 0.008781 0.042763
0 9218 0.743027 0.513158 0.008781 0.041118
0 9219 0.257748 0.511924 0.019628 0.125822
0 9201 0.811725 0.516036 0.016012 0.048520
0 9206 0.722882 0.508224 0.006715 0.032895
0 9220 0.238120 0.507812 0.027893 0.125822
0 9213 0.675620 0.502467 0.006198 0.029605
0 9207 0.324897 0.520970 0.033058 0.140625
0 9208 0.684143 0.502056 0.008781 0.038651
0 9215 0.290289 0.491776 0.021694 0.085526
0 9223 0.270919 0.489720 0.014979 0.087993
0 9222 0.697831 0.506990 0.008264 0.035362
