1 1210 0.560434 0.501234 0.045455 0.068257
1 1231 0.460227 0.519326 0.074380 0.089638
1 1233 0.390496 0.496299 0.077479 0.061678
1 1234 0.330579 0.471628 0.064050 0.046875
0 9193 0.800620 0.520559 0.011364 0.052632
0 9224 0.784349 0.518503 0.013946 0.046875
0 9217 0.763171 0.511513 0.010847 0.042763
0 9219 0.234762 0.520559 0.022211 0.134868
0 9201 0.825671 0.513980 0.017045 0.046053
0 9218 0.752066 0.512747 0.009298 0.038651
0 9220 0.216167 0.516036 0.028409 0.138980
0 9213 0.679752 0.501234 0.008264 0.032072
0 9207 0.300620 0.537007 0.032025 0.156250
0 9208 0.690599 0.502056 0.010331 0.038651
0 9215 0.275568 0.498355 0.019112 0.090461
0 9223 0.252841 0.495477 0.021178 0.101151
0 9222 0.703771 0.506990 0.007748 0.035362
0 9225 0.333419 0.483141 0.011880 0.051809
0 9226 0.320506 0.478618 0.009814 0.057566
