1 1210 0.557851 0.503701 0.044421 0.061678
1 1231 0.460486 0.524260 0.077996 0.091283
1 1233 0.389979 0.500822 0.077479 0.060855
1 1234 0.327996 0.468339 0.058884 0.040296
0 9193 0.809917 0.525493 0.012397 0.052632
0 9224 0.793647 0.521382 0.016012 0.050987
0 9217 0.773760 0.516859 0.013430 0.050164
0 9219 0.212552 0.526316 0.028409 0.149671
0 9201 0.841942 0.512747 0.014463 0.038651
0 9218 0.761880 0.516447 0.009298 0.039474
0 9220 0.191890 0.523438 0.029442 0.148849
0 9213 0.683110 0.504523 0.008781 0.033717
0 9207 0.272986 0.545230 0.035640 0.179276
0 9208 0.694731 0.506579 0.009298 0.039474
0 9215 0.261622 0.500822 0.016012 0.100329
0 9223 0.237603 0.497122 0.022727 0.101151
0 9222 0.708161 0.509046 0.008264 0.039474
0 9226 0.316116 0.483141 0.012397 0.058388
0 9227 0.307335 0.482730 0.010331 0.059211
0 9225 0.327738 0.485197 0.010847 0.052632
