1 1210 0.557335 0.502878 0.044421 0.061678
1 1231 0.459711 0.523849 0.080579 0.097039
1 1233 0.389979 0.500822 0.077479 0.060855
1 1234 0.324638 0.465049 0.062500 0.040296
0 9193 0.819215 0.526727 0.014463 0.051809
0 9224 0.802686 0.520970 0.016529 0.050164
0 9217 0.785899 0.517270 0.012913 0.049342
0 9219 0.188275 0.530839 0.028409 0.162007
0 9201 0.859504 0.518092 0.013430 0.042763
0 9218 0.773502 0.516447 0.009814 0.042763
0 9220 0.167614 0.520970 0.031508 0.162007
0 9213 0.687500 0.504934 0.009298 0.032895
0 9207 0.237345 0.555921 0.062500 0.213816
0 9208 0.699897 0.508224 0.009298 0.037829
0 9228 0.280217 0.491776 0.019112 0.074013
0 9223 0.218492 0.491776 0.022727 0.100329
0 9222 0.714360 0.509868 0.008264 0.041118
0 9226 0.313791 0.481086 0.010847 0.057566
0 9227 0.304236 0.479441 0.010331 0.059211
0 9225 0.325671 0.485609 0.010847 0.053454
