1 1210 0.555785 0.500411 0.040289 0.061678
1 1231 0.458419 0.527138 0.087293 0.103618
1 1233 0.382490 0.500411 0.081095 0.064967
0 9193 0.826963 0.526316 0.014463 0.054276
0 9224 0.808884 0.523438 0.014463 0.053454
0 9217 0.795971 0.517681 0.010331 0.050164
0 9219 0.161674 0.535362 0.028926 0.172697
0 9201 0.878099 0.520148 0.016529 0.048520
0 9218 0.784091 0.518503 0.011364 0.045230
0 9220 0.139979 0.528372 0.035124 0.176809
0 9213 0.690599 0.504934 0.009298 0.032895
0 9207 0.198864 0.573602 0.058884 0.259046
0 9208 0.706612 0.506990 0.010331 0.043586
0 9228 0.262655 0.492188 0.019112 0.087993
0 9229 0.236312 0.499178 0.022211 0.106908
0 9222 0.720558 0.509868 0.008264 0.041118
0 9227 0.301653 0.479441 0.010331 0.059211
0 9230 0.280733 0.491776 0.014979 0.080592
0 9225 0.323605 0.484375 0.011880 0.052632
0 9226 0.311725 0.481497 0.011880 0.063322
