1 1210 0.553202 0.499589 0.041322 0.055099
1 1231 0.458936 0.532484 0.088326 0.114309
1 1233 0.380165 0.502056 0.082645 0.069901
0 9193 0.833936 0.520970 0.014979 0.053454
0 9224 0.810176 0.517681 0.014979 0.053454
0 9218 0.795971 0.516036 0.010331 0.046875
0 9201 0.895919 0.524671 0.016012 0.065789
0 9231 0.752583 0.508635 0.009298 0.038651
0 9213 0.698347 0.503701 0.009298 0.033717
0 9207 0.127583 0.587993 0.061983 0.315789
0 9208 0.711260 0.503701 0.010331 0.043586
0 9229 0.224432 0.498355 0.024277 0.106908
0 9232 0.185434 0.498355 0.033058 0.115132
0 9222 0.726756 0.507812 0.009298 0.040296
0 9230 0.272469 0.495066 0.021178 0.085526
0 9228 0.252324 0.493010 0.018079 0.091283
0 9226 0.309917 0.480674 0.011364 0.060033
0 9227 0.299845 0.480263 0.010847 0.062500
0 9225 0.322314 0.481908 0.009298 0.055921
0 9233 0.334194 0.488487 0.010331 0.050987
