1 1210 0.552686 0.499178 0.040289 0.054276
1 1231 0.457128 0.531250 0.095041 0.116776
1 1233 0.380165 0.502056 0.082645 0.069901
0 9193 0.840134 0.519326 0.014979 0.053454
0 9224 0.822314 0.517681 0.014463 0.053454
0 9218 0.805527 0.515214 0.014979 0.046875
0 9201 0.914256 0.527549 0.016529 0.069901
0 9231 0.756973 0.507401 0.009814 0.039474
0 9213 0.701446 0.503289 0.009298 0.032895
0 9207 0.052169 0.625000 0.104339 0.399671
0 9208 0.715909 0.504523 0.010331 0.043586
0 9232 0.168647 0.494655 0.030475 0.119243
0 9234 0.099432 0.553865 0.039773 0.203125
0 9222 0.731147 0.508224 0.008781 0.041118
0 9228 0.249483 0.494243 0.023760 0.095395
0 9235 0.191116 0.468750 0.015496 0.060855
0 9225 0.314824 0.481908 0.009814 0.059211
0 9227 0.297779 0.476974 0.009814 0.064145
0 9233 0.326963 0.490132 0.012397 0.057566
0 9230 0.270145 0.495066 0.016529 0.092105
0 9229 0.212035 0.497533 0.024277 0.110197
