1 1210 0.551395 0.495888 0.037707 0.047697
1 1231 0.456870 0.536595 0.100723 0.125822
1 1233 0.378616 0.503289 0.086777 0.074013
0 9193 0.847107 0.524260 0.015496 0.058388
0 9224 0.830062 0.522204 0.015496 0.057566
0 9218 0.814566 0.518503 0.014463 0.051809
0 9201 0.931043 0.532484 0.021178 0.076480
0 9231 0.760589 0.506990 0.009814 0.035362
0 9213 0.705579 0.504112 0.011364 0.032895
0 9208 0.721333 0.504523 0.011880 0.045230
0 9236 0.127066 0.512747 0.026860 0.129112
0 9234 0.059917 0.559211 0.052686 0.226974
0 9222 0.737087 0.509868 0.007231 0.042763
0 9228 0.243027 0.498766 0.024277 0.104441
0 9232 0.155992 0.495477 0.030992 0.122533
0 9225 0.311983 0.482730 0.015496 0.060855
0 9227 0.293905 0.478207 0.009298 0.066612
0 9230 0.267304 0.497122 0.021178 0.092928
0 9229 0.197314 0.498766 0.028926 0.109375
0 9235 0.177686 0.471217 0.016529 0.059211
