1 1210 0.550362 0.495477 0.035640 0.045230
1 1231 0.456353 0.541941 0.103822 0.133224
1 1233 0.370351 0.503701 0.091942 0.081414
0 9193 0.852014 0.525082 0.018079 0.058388
0 9224 0.835486 0.522615 0.012913 0.061678
0 9218 0.823089 0.518914 0.010847 0.050987
0 9201 0.953254 0.534128 0.023244 0.076480
0 9231 0.763430 0.506990 0.009298 0.035362
0 9213 0.708161 0.504934 0.011364 0.034539
0 9208 0.725981 0.505757 0.010847 0.044408
0 9236 0.107955 0.516447 0.032025 0.133224
0 9234 0.022986 0.556743 0.045971 0.271382
0 9222 0.741219 0.509868 0.008264 0.042763
0 9228 0.237345 0.497944 0.028409 0.109375
0 9232 0.141787 0.500822 0.032541 0.131579
0 9225 0.303202 0.481908 0.015496 0.070724
0 9227 0.289773 0.479030 0.008264 0.068257
0 9230 0.262913 0.499589 0.020661 0.097862
0 9229 0.185176 0.502467 0.027376 0.116776
