1 1210 0.549587 0.495477 0.034091 0.045230
1 1231 0.454804 0.546464 0.108988 0.134046
1 1233 0.363120 0.506579 0.097107 0.078947
0 9193 0.857955 0.522204 0.015496 0.055921
0 9224 0.841426 0.522615 0.011364 0.061678
0 9218 0.831095 0.518503 0.010331 0.046875
0 9201 0.977014 0.532484 0.022211 0.079770
0 9231 0.768079 0.509868 0.009298 0.041118
0 9213 0.711260 0.502878 0.011364 0.035362
0 9208 0.729081 0.505757 0.011880 0.042763
0 9236 0.089618 0.520970 0.036674 0.137336
0 9222 0.746643 0.510280 0.008781 0.043586
0 9228 0.233471 0.502056 0.026860 0.112664
0 9232 0.126291 0.500411 0.033574 0.137336
0 9230 0.258523 0.500822 0.021178 0.097039
0 9229 0.171229 0.503289 0.027376 0.125000
0 9237 0.193698 0.472862 0.016529 0.064145
