1 1210 0.548295 0.493010 0.031508 0.040296
1 1231 0.453771 0.551809 0.115186 0.144737
1 1233 0.362603 0.509457 0.096074 0.084704
0 9224 0.843233 0.522615 0.014979 0.061678
0 9231 0.765754 0.509868 0.009814 0.041118
0 9213 0.714876 0.504523 0.010331 0.037007
0 9208 0.733471 0.506579 0.010331 0.044408
0 9236 0.071539 0.525493 0.040806 0.152961
0 9222 0.751550 0.511102 0.008264 0.043586
0 9237 0.192924 0.471217 0.012913 0.065789
0 9232 0.111312 0.500000 0.033574 0.138158
0 9230 0.255165 0.500822 0.020661 0.097039
0 9229 0.157800 0.504523 0.027376 0.124178
0 9238 0.180269 0.473684 0.016529 0.064145
0 9228 0.227014 0.505757 0.029442 0.120066
