1 1210 0.547779 0.493421 0.030475 0.041118
1 1231 0.452479 0.555510 0.118802 0.152138
1 1233 0.358988 0.510691 0.098140 0.088816
1 1235 0.868027 0.669819 0.259814 0.311678
0 9224 0.847366 0.522204 0.014979 0.060855
0 9239 0.762397 0.511102 0.007231 0.040296
0 9213 0.718750 0.505345 0.010847 0.038651
0 9208 0.736829 0.506168 0.009814 0.043586
0 9236 0.053977 0.529605 0.041839 0.161184
0 9222 0.753099 0.511102 0.010331 0.045230
0 9237 0.192924 0.471217 0.012913 0.065789
0 9232 0.099174 0.500822 0.038223 0.134868
0 9230 0.253357 0.504523 0.024277 0.109375
0 9229 0.146436 0.505757 0.031508 0.129934
0 9238 0.179236 0.473684 0.016529 0.064145
0 9228 0.220558 0.505345 0.028926 0.119243
