1 1210 0.546746 0.492599 0.028409 0.039474
1 1231 0.452996 0.557566 0.123967 0.156250
1 1233 0.356147 0.510691 0.103822 0.088816
1 1235 0.847366 0.668997 0.305269 0.347862
0 9213 0.719783 0.505345 0.010847 0.038651
0 9208 0.738895 0.506168 0.009814 0.043586
0 9236 0.033574 0.531250 0.037190 0.167763
0 9222 0.757231 0.511102 0.010331 0.045230
0 9237 0.196281 0.471217 0.012397 0.065789
0 9232 0.091167 0.503701 0.036674 0.145559
0 9230 0.249225 0.504523 0.024277 0.109375
0 9229 0.138171 0.507812 0.031508 0.130757
0 9238 0.180010 0.475329 0.014979 0.067434
0 9228 0.217975 0.505345 0.028926 0.119243
0 9240 0.288740 0.497944 0.016529 0.074836
