1 1210 0.542097 0.490954 0.022211 0.032895
1 1231 0.446798 0.573191 0.146694 0.179276
1 1233 0.357696 0.513569 0.075930 0.099507
1 1235 0.678977 0.552220 0.156508 0.132401
0 9232 0.065857 0.504112 0.040806 0.156250
0 9229 0.112345 0.510691 0.034607 0.138158
0 9241 0.186983 0.516859 0.032025 0.150493
0 9228 0.208161 0.521382 0.014463 0.120066
0 9240 0.260589 0.502056 0.020145 0.076480
0 9242 0.285124 0.484375 0.013430 0.064145
0 9243 0.854081 0.521793 0.013946 0.064967
0 9244 0.749483 0.509868 0.010331 0.049342
0 9245 0.768079 0.514803 0.010331 0.044408
