1 1210 0.542097 0.490954 0.022211 0.032895
1 1231 0.445248 0.576480 0.149793 0.185855
1 1233 0.355114 0.516859 0.076963 0.106086
1 1235 0.650826 0.543586 0.128099 0.113487
1 1236 0.880165 0.626645 0.232438 0.475329
0 9232 0.060434 0.501645 0.034091 0.149671
0 9229 0.106405 0.508635 0.034091 0.137336
0 9241 0.184401 0.516859 0.032025 0.150493
0 9228 0.207645 0.521382 0.014463 0.120066
0 9240 0.254907 0.502056 0.016012 0.084704
0 9242 0.285640 0.482319 0.013430 0.058388
0 9244 0.750258 0.509868 0.010847 0.049342
0 9245 0.768595 0.514803 0.010331 0.044408
