1 1210 0.531250 0.490132 0.014979 0.024671
1 1231 0.440857 0.589227 0.162707 0.208059
1 1233 0.336519 0.516447 0.126550 0.100329
1 1236 0.564308 0.511924 0.059401 0.091283
1 1237 0.862603 0.636102 0.273760 0.393914
1 1238 0.612603 0.498355 0.025826 0.026316
0 9232 0.062500 0.503289 0.030992 0.139803
0 9229 0.104597 0.504523 0.032541 0.132401
0 9241 0.163998 0.535773 0.033574 0.180099
0 9246 0.218492 0.519326 0.023760 0.129112
0 9247 0.755940 0.513980 0.010847 0.049342
0 9248 0.775568 0.517270 0.010847 0.046053
0 9249 0.734246 0.509457 0.010847 0.038651
