1 1231 0.439050 0.587582 0.159091 0.204770
1 1233 0.302944 0.513980 0.133781 0.108553
1 1236 0.543130 0.499589 0.041839 0.076480
1 1237 0.701188 0.563322 0.154442 0.180921
1 1238 0.629132 0.501234 0.026860 0.027138
1 1239 0.611312 0.493010 0.019112 0.023849
0 9232 0.071798 0.506168 0.032025 0.142270
0 9229 0.105630 0.504112 0.032541 0.128289
0 9246 0.205579 0.530839 0.033058 0.127467
0 9250 0.258523 0.470806 0.016012 0.046875
0 9251 0.852014 0.525082 0.053202 0.063322
0 9252 0.777893 0.517681 0.010331 0.048520
