1 1231 0.438275 0.587171 0.157541 0.203947
1 1233 0.295455 0.513569 0.138430 0.107730
1 1236 0.538223 0.498766 0.039256 0.066612
1 1237 0.668130 0.549342 0.122417 0.152961
1 1239 0.613895 0.493832 0.019112 0.023849
1 1240 0.038481 0.460115 0.054236 0.030428
0 9232 0.076188 0.500822 0.031508 0.129934
0 9229 0.108729 0.505345 0.031508 0.129112
0 9246 0.199638 0.539474 0.031508 0.139803
0 9251 0.852014 0.525082 0.053202 0.063322
0 9252 0.778409 0.517681 0.009298 0.048520
0 9241 0.140754 0.581003 0.035640 0.247533
0 9253 0.758006 0.512336 0.011880 0.049342
0 9254 0.745868 0.511513 0.008264 0.044408
0 9255 0.737345 0.509457 0.008781 0.038651
