1 1231 0.436725 0.583059 0.154442 0.195724
1 1233 0.284091 0.506990 0.139463 0.106086
1 1236 0.533833 0.499178 0.037707 0.062500
1 1237 0.645145 0.541118 0.103306 0.136513
1 1240 0.038481 0.460115 0.054236 0.030428
1 1241 0.561725 0.492188 0.018079 0.025493
0 9232 0.079029 0.505757 0.039256 0.123355
0 9229 0.113378 0.504523 0.033574 0.124178
0 9246 0.193698 0.531661 0.032025 0.138980
0 9251 0.850465 0.524671 0.050103 0.062500
0 9252 0.778409 0.517681 0.009298 0.048520
0 9241 0.123967 0.587993 0.039256 0.263158
0 9253 0.759039 0.512747 0.009814 0.050164
0 9254 0.746384 0.513158 0.008264 0.044408
0 9255 0.737345 0.509457 0.008781 0.038651
