1 1231 0.435176 0.581414 0.151343 0.192434
1 1233 0.277118 0.511924 0.138946 0.096217
1 1236 0.530475 0.496299 0.033058 0.056743
1 1237 0.628874 0.532072 0.087293 0.116776
1 1240 0.040289 0.460938 0.057851 0.032072
1 1241 0.561209 0.490954 0.019112 0.024671
0 9232 0.081095 0.500822 0.026860 0.128289
0 9256 0.191890 0.520970 0.025310 0.117599
0 9246 0.182076 0.545641 0.024277 0.155428
0 9257 0.865702 0.527549 0.013430 0.056743
0 9252 0.780217 0.518503 0.009814 0.046875
0 9241 0.112345 0.589227 0.053202 0.275493
0 9253 0.759298 0.512336 0.010331 0.049342
0 9254 0.746901 0.513569 0.007231 0.043586
0 9255 0.737345 0.509457 0.008781 0.038651
