1 1231 0.432076 0.581414 0.145145 0.192434
1 1233 0.266012 0.506990 0.135331 0.099507
1 1236 0.527634 0.495066 0.028409 0.052632
1 1237 0.614669 0.526316 0.074380 0.106908
1 1240 0.040289 0.460938 0.057851 0.032072
1 1242 0.664773 0.509868 0.033058 0.037829
1 1241 0.561209 0.492188 0.019112 0.025493
0 9256 0.189050 0.524260 0.024793 0.117599
0 9246 0.179752 0.546875 0.034091 0.156250
0 9257 0.864928 0.525905 0.016012 0.053454
0 9252 0.781250 0.518503 0.009814 0.046875
0 9241 0.098399 0.605674 0.065599 0.313322
0 9253 0.760331 0.512336 0.011364 0.049342
0 9254 0.748192 0.512747 0.007748 0.040296
0 9255 0.738378 0.509457 0.008781 0.038651
0 9258 0.359504 0.493832 0.010331 0.060033
0 9259 0.328254 0.480674 0.012913 0.045230
0 9260 0.317407 0.473684 0.011880 0.044408
