1 1231 0.428202 0.571957 0.146694 0.180099
1 1233 0.259814 0.507401 0.129132 0.098684
1 1236 0.524535 0.493421 0.029442 0.050987
1 1237 0.604081 0.521793 0.066632 0.092928
1 1240 0.038481 0.459704 0.061467 0.034539
1 1242 0.673037 0.512336 0.042355 0.044408
1 1241 0.561209 0.491365 0.020145 0.025493
0 9256 0.186983 0.519737 0.027893 0.118421
0 9246 0.175362 0.555510 0.038740 0.170230
0 9257 0.862087 0.529605 0.015496 0.057566
0 9252 0.782800 0.518503 0.009814 0.046875
0 9241 0.084711 0.613076 0.076446 0.313322
0 9253 0.761880 0.513569 0.011364 0.050164
0 9254 0.748450 0.511924 0.008264 0.040296
0 9255 0.738378 0.509457 0.008781 0.038651
0 9258 0.359504 0.493832 0.010331 0.060033
0 9260 0.317665 0.474095 0.013430 0.048520
0 9261 0.297521 0.468750 0.010331 0.036184
0 9259 0.331353 0.488898 0.014979 0.064967
