1 1231 0.423295 0.567434 0.147211 0.175987
1 1233 0.250775 0.504934 0.123450 0.095395
1 1236 0.522469 0.493832 0.027376 0.045230
1 1237 0.595558 0.516859 0.057851 0.081414
1 1240 0.038481 0.459704 0.061467 0.034539
1 1242 0.685950 0.516036 0.048554 0.046875
1 1243 0.631715 0.496711 0.024793 0.031250
1 1244 0.896436 0.689967 0.206095 0.355263
1 1241 0.560692 0.491365 0.017045 0.022204
0 9256 0.182076 0.520148 0.025310 0.117599
0 9246 0.163223 0.561678 0.035124 0.184211
0 9257 0.860537 0.530016 0.015496 0.058388
0 9252 0.782800 0.518503 0.009814 0.046875
0 9241 0.053202 0.629523 0.092975 0.354441
0 9253 0.762138 0.514391 0.011880 0.051809
0 9254 0.749483 0.511102 0.008264 0.040296
0 9255 0.738895 0.510280 0.008781 0.038651
0 9258 0.359246 0.489309 0.009814 0.054276
0 9260 0.317407 0.485609 0.012913 0.069901
0 9261 0.298295 0.472039 0.011880 0.042763
0 9259 0.330579 0.488898 0.013430 0.064967
0 9262 0.845300 0.525493 0.014979 0.059211
