1 1231 0.417355 0.566612 0.147727 0.167763
1 1233 0.241736 0.504523 0.115702 0.089638
1 1236 0.519628 0.492599 0.024793 0.046053
1 1237 0.588326 0.516036 0.051653 0.074836
1 1240 0.038481 0.459704 0.061467 0.034539
1 1242 0.701446 0.520148 0.052686 0.050164
1 1243 0.634298 0.497122 0.026860 0.032072
1 1244 0.862603 0.674342 0.273760 0.355263
1 1241 0.556560 0.491365 0.022211 0.022204
0 9246 0.154184 0.567434 0.034607 0.199013
0 9263 0.086260 0.575247 0.040289 0.249178
0 9252 0.782800 0.516859 0.009814 0.046875
0 9241 0.038998 0.630345 0.077996 0.354441
0 9253 0.763171 0.514391 0.011880 0.051809
0 9254 0.750517 0.511924 0.008264 0.040296
0 9255 0.739411 0.509868 0.007748 0.039474
0 9258 0.358471 0.490543 0.011364 0.051809
0 9260 0.317407 0.485609 0.012913 0.069901
0 9261 0.298812 0.475740 0.010847 0.050164
0 9259 0.330579 0.488487 0.013430 0.064145
0 9256 0.177944 0.532072 0.028409 0.134868
