1 1231 0.411932 0.567845 0.147211 0.173520
1 1233 0.226498 0.504112 0.113120 0.092105
1 1236 0.519112 0.494655 0.024793 0.043586
1 1237 0.582903 0.515214 0.047004 0.069901
1 1240 0.038481 0.459704 0.061467 0.034539
1 1242 0.713326 0.521793 0.048554 0.046875
1 1243 0.637655 0.501234 0.026343 0.032072
1 1244 0.834969 0.627056 0.299070 0.262336
0 9246 0.142045 0.561678 0.035124 0.189145
0 9263 0.065083 0.597451 0.054752 0.290296
0 9258 0.353822 0.487664 0.011364 0.041118
0 9260 0.316374 0.488076 0.012913 0.068257
0 9264 0.284091 0.492599 0.016529 0.070724
0 9259 0.330320 0.489720 0.012913 0.066612
0 9256 0.168388 0.530016 0.029959 0.130757
0 9261 0.298037 0.488487 0.012397 0.067434
