1 1231 0.404700 0.567023 0.148244 0.158717
1 1233 0.182851 0.506579 0.102273 0.090461
1 1236 0.517045 0.496299 0.023760 0.040296
1 1237 0.578254 0.516447 0.043905 0.065789
1 1240 0.028409 0.465049 0.053719 0.030428
1 1245 0.923554 0.595806 0.151860 0.175164
1 1243 0.641787 0.505345 0.025310 0.032072
1 1244 0.762913 0.600329 0.216942 0.199013
0 9246 0.130165 0.577303 0.044421 0.197368
0 9263 0.039773 0.619655 0.061983 0.323191
0 9260 0.316890 0.492188 0.011880 0.066612
0 9264 0.283058 0.496299 0.020661 0.074836
0 9259 0.331353 0.493010 0.012913 0.063322
0 9256 0.158316 0.532484 0.033574 0.134046
0 9261 0.298295 0.492188 0.012913 0.071546
0 9265 0.461777 0.504523 0.009298 0.058388
