1 1231 0.398502 0.570312 0.149277 0.160362
1 1233 0.169680 0.509457 0.104855 0.092928
1 1236 0.515496 0.497122 0.020661 0.038651
1 1237 0.573347 0.514803 0.040289 0.062500
1 1245 0.892820 0.581826 0.200930 0.148849
1 1243 0.646694 0.505757 0.027893 0.031250
1 1244 0.718233 0.581003 0.169938 0.160362
0 9246 0.107955 0.600740 0.060950 0.249178
0 9263 0.021694 0.635280 0.044421 0.367599
0 9260 0.317407 0.492188 0.011880 0.066612
0 9264 0.282541 0.496299 0.016529 0.076480
0 9259 0.331612 0.493010 0.012397 0.063322
0 9256 0.145403 0.546875 0.036674 0.144737
0 9261 0.297521 0.495066 0.012397 0.074013
0 9265 0.460227 0.505345 0.010331 0.061678
