1 1231 0.390238 0.568257 0.153409 0.162829
1 1233 0.156508 0.503701 0.096074 0.087993
1 1236 0.515496 0.497122 0.020661 0.038651
1 1237 0.571539 0.513569 0.037707 0.056743
1 1245 0.833161 0.565789 0.159091 0.123355
1 1243 0.646694 0.505757 0.027893 0.031250
1 1244 0.686467 0.570312 0.135331 0.138980
0 9246 0.070764 0.616776 0.071281 0.273026
0 9260 0.316632 0.490132 0.013430 0.065789
0 9264 0.282025 0.496299 0.014463 0.078125
0 9259 0.330579 0.493832 0.012397 0.063322
0 9256 0.130165 0.544408 0.038223 0.152961
0 9261 0.297521 0.493421 0.016529 0.072368
0 9265 0.460227 0.505345 0.010331 0.061678
0 9266 0.446281 0.507812 0.016529 0.063322
