1 1231 0.382231 0.564556 0.159091 0.165296
1 1233 0.123967 0.498766 0.115702 0.089638
1 1236 0.513688 0.491776 0.020145 0.036184
1 1237 0.568698 0.508224 0.034091 0.052632
1 1245 0.789773 0.557977 0.139463 0.112664
1 1244 0.663223 0.556332 0.115702 0.125822
1 1242 0.873967 0.558799 0.107438 0.101151
0 9246 0.032283 0.617188 0.064566 0.290296
0 9261 0.297521 0.489720 0.015496 0.071546
0 9267 0.272727 0.492599 0.013430 0.077303
0 9260 0.317665 0.487664 0.016529 0.067434
0 9256 0.110537 0.543174 0.048554 0.170230
0 9264 0.284607 0.494655 0.011364 0.076480
0 9265 0.459711 0.504112 0.009298 0.059211
0 9266 0.442665 0.506990 0.010331 0.063322
0 9268 0.088068 0.511513 0.024277 0.133224
