1 1231 0.372159 0.557977 0.163740 0.170230
1 1233 0.083936 0.486020 0.141012 0.092105
1 1236 0.513946 0.489309 0.017562 0.029605
1 1237 0.566374 0.502056 0.032541 0.051809
1 1245 0.756973 0.545230 0.128616 0.101974
1 1244 0.645661 0.544819 0.101240 0.111020
1 1242 0.922262 0.566612 0.145145 0.111842
1 1246 0.530733 0.491365 0.016012 0.023849
0 9246 0.032283 0.617188 0.064566 0.290296
0 9261 0.298037 0.481086 0.013430 0.067434
0 9267 0.270919 0.486431 0.011880 0.074836
0 9260 0.316374 0.470806 0.017045 0.050164
0 9256 0.084711 0.541530 0.053719 0.171875
0 9264 0.283316 0.491365 0.013946 0.078125
0 9265 0.459711 0.499178 0.009298 0.064145
0 9266 0.442407 0.502056 0.010847 0.064967
0 9268 0.043130 0.499589 0.028409 0.142270
