1 1231 0.363120 0.556743 0.167355 0.177632
1 1233 0.067149 0.482319 0.107438 0.084704
1 1236 0.513946 0.487664 0.017562 0.027961
1 1237 0.565083 0.500411 0.029959 0.048520
1 1245 0.733729 0.537007 0.114153 0.090461
1 1244 0.630682 0.535362 0.086777 0.101974
1 1247 0.870093 0.680510 0.258781 0.364309
1 1246 0.529959 0.489309 0.014463 0.019737
0 9261 0.296488 0.476151 0.012397 0.062500
0 9267 0.267562 0.483964 0.015496 0.076480
0 9256 0.055527 0.548931 0.058368 0.199836
0 9264 0.281767 0.486842 0.011880 0.075658
0 9265 0.459194 0.497944 0.008264 0.061678
0 9269 0.442407 0.502056 0.010847 0.064967
0 9268 0.029184 0.495066 0.028409 0.149671
0 9270 0.801395 0.521793 0.008781 0.051809
