1 1231 0.353822 0.558388 0.171488 0.172697
1 1236 0.512138 0.485609 0.017045 0.027138
1 1237 0.563017 0.495888 0.029959 0.046053
1 1245 0.716942 0.530839 0.102273 0.084704
1 1244 0.618285 0.528783 0.075413 0.087171
1 1247 0.851756 0.676809 0.297521 0.360197
1 1246 0.528926 0.489720 0.015496 0.020559
1 1248 0.675103 0.498766 0.035124 0.038651
0 9261 0.294680 0.465872 0.012913 0.040296
0 9267 0.265754 0.485197 0.016012 0.082237
0 9256 0.027118 0.563734 0.054236 0.217928
0 9264 0.278926 0.485197 0.011364 0.072368
0 9265 0.458678 0.495888 0.009298 0.062500
0 9269 0.441632 0.500822 0.011364 0.069079
0 9271 0.052944 0.502878 0.036674 0.145559
0 9272 0.768337 0.507812 0.007748 0.040296
