1 1231 0.319215 0.562089 0.185950 0.185033
1 1236 0.513688 0.486431 0.014979 0.028783
1 1237 0.560950 0.493421 0.025826 0.037829
1 1244 0.593492 0.514803 0.055785 0.067434
1 1247 0.750258 0.583882 0.236054 0.195724
1 1246 0.531508 0.489720 0.015496 0.020559
1 1249 0.143595 0.460526 0.071281 0.032895
0 9265 0.458161 0.496711 0.012397 0.067434
0 9269 0.441890 0.502467 0.011880 0.072368
0 9273 0.394886 0.494243 0.014979 0.100329
0 9274 0.376291 0.490954 0.016012 0.069079
0 9275 0.821281 0.522615 0.011364 0.053454
