1 1231 0.305527 0.561678 0.188533 0.187500
1 1236 0.513688 0.486431 0.014979 0.028783
1 1237 0.559401 0.493832 0.022727 0.035362
1 1244 0.588326 0.512336 0.049587 0.062500
1 1247 0.710486 0.571957 0.187500 0.180099
1 1246 0.532283 0.491776 0.016012 0.021382
1 1249 0.142045 0.464227 0.074380 0.045230
1 1250 0.071539 0.459293 0.073864 0.037007
1 1251 0.616736 0.497533 0.021694 0.027961
0 9265 0.458419 0.497122 0.012913 0.068257
0 9269 0.440341 0.503701 0.011880 0.074836
0 9273 0.393595 0.494655 0.014463 0.099507
0 9274 0.372934 0.496711 0.015496 0.074013
0 9275 0.826963 0.523438 0.012397 0.055099
0 9276 0.429752 0.500822 0.012397 0.082237
0 9277 0.410640 0.495066 0.017562 0.080592
0 9278 0.800103 0.519326 0.012397 0.058388
0 9279 0.783574 0.516036 0.009298 0.048520
