1 1231 0.288998 0.560855 0.192665 0.189145
1 1236 0.514979 0.487664 0.014463 0.026316
1 1237 0.559401 0.493832 0.022727 0.035362
1 1244 0.582903 0.508224 0.047004 0.057566
1 1247 0.682076 0.559622 0.156508 0.138980
1 1246 0.532283 0.491776 0.016012 0.021382
1 1249 0.139205 0.463816 0.071798 0.037829
1 1250 0.059917 0.459704 0.089876 0.039474
1 1251 0.619835 0.498766 0.023760 0.027138
0 9265 0.458678 0.498766 0.011364 0.071546
0 9269 0.442665 0.504112 0.018595 0.078947
0 9273 0.391529 0.494655 0.016529 0.104441
0 9274 0.372159 0.502467 0.016012 0.085526
0 9275 0.831612 0.523026 0.012397 0.059211
0 9276 0.426911 0.502056 0.012913 0.079770
0 9277 0.409607 0.500411 0.013430 0.091283
0 9278 0.805269 0.518092 0.011364 0.055921
0 9279 0.788223 0.517681 0.010331 0.053454
