1 1231 0.270403 0.565789 0.196798 0.199013
1 1236 0.515238 0.489720 0.014979 0.027138
1 1244 0.579804 0.506990 0.041839 0.051809
1 1247 0.658316 0.549753 0.131715 0.130757
1 1252 0.738636 0.512336 0.056818 0.057566
1 1246 0.533316 0.493832 0.014979 0.020559
1 1249 0.135589 0.464638 0.074897 0.041118
1 1250 0.053719 0.464227 0.098140 0.035362
0 9265 0.459194 0.500000 0.012397 0.074013
0 9269 0.441116 0.505757 0.015496 0.082237
0 9273 0.391529 0.494655 0.016529 0.104441
0 9274 0.369060 0.504934 0.018079 0.087171
0 9275 0.837293 0.524671 0.013430 0.059211
0 9276 0.426911 0.502056 0.012913 0.079770
0 9277 0.406508 0.496299 0.012397 0.081414
0 9278 0.810176 0.521382 0.013946 0.057566
0 9279 0.792355 0.518914 0.011364 0.050987
