1 1231 0.245868 0.558388 0.200413 0.190789
1 1236 0.515754 0.489309 0.014979 0.026316
1 1244 0.576188 0.508635 0.038740 0.048520
1 1247 0.639979 0.540707 0.111570 0.112664
1 1252 0.753874 0.516036 0.063533 0.063322
1 1246 0.533316 0.495477 0.014979 0.018914
1 1249 0.132490 0.465049 0.072831 0.043586
1 1250 0.052686 0.460526 0.094008 0.037829
0 9265 0.458936 0.502878 0.012913 0.074836
0 9269 0.440599 0.506168 0.014463 0.083059
0 9273 0.387913 0.498355 0.016529 0.108553
0 9274 0.365961 0.507812 0.020145 0.092928
0 9275 0.842459 0.528372 0.012397 0.056743
0 9276 0.427169 0.502056 0.012397 0.079770
0 9277 0.405992 0.495888 0.011364 0.082237
0 9278 0.814308 0.523026 0.014979 0.059211
0 9279 0.795971 0.520559 0.010331 0.052632
0 9280 0.339876 0.516859 0.019628 0.076480
