1 1231 0.221074 0.557977 0.208678 0.188322
1 1236 0.516787 0.490132 0.014979 0.026316
1 1244 0.574122 0.504523 0.035640 0.043586
1 1247 0.625775 0.537007 0.097624 0.097039
1 1252 0.769112 0.517270 0.068182 0.065789
1 1246 0.535124 0.494655 0.015496 0.018914
1 1249 0.132490 0.465049 0.072831 0.043586
1 1250 0.052686 0.460526 0.094008 0.037829
1 1253 0.670713 0.519326 0.047004 0.060033
0 9265 0.459711 0.504112 0.014463 0.077303
0 9269 0.440599 0.508224 0.014463 0.087171
0 9273 0.387397 0.502467 0.017562 0.113487
0 9274 0.364928 0.508224 0.019112 0.093750
0 9275 0.849690 0.529194 0.012397 0.058388
0 9276 0.427686 0.504523 0.012397 0.079770
0 9277 0.406767 0.502467 0.021178 0.082237
0 9278 0.820506 0.524260 0.013946 0.061678
0 9280 0.337035 0.516036 0.016012 0.074836
0 9281 0.321281 0.501645 0.021694 0.097039
0 9282 0.297779 0.497533 0.016012 0.070724
