1 1231 0.194473 0.567023 0.213326 0.178454
1 1236 0.519112 0.490132 0.014463 0.026316
1 1244 0.572831 0.504112 0.029959 0.041118
1 1247 0.615961 0.531250 0.084194 0.087171
1 1252 0.791839 0.519737 0.078512 0.070724
1 1246 0.537707 0.495066 0.014463 0.019737
1 1249 0.120093 0.468339 0.061467 0.037007
1 1250 0.046229 0.465049 0.093492 0.037007
1 1253 0.668647 0.518914 0.050103 0.055921
0 9265 0.461002 0.506168 0.012913 0.074836
0 9269 0.441374 0.510691 0.014979 0.085526
0 9273 0.387397 0.502467 0.017562 0.113487
0 9274 0.362345 0.512336 0.018079 0.095395
0 9275 0.857438 0.527961 0.013430 0.059211
0 9276 0.427944 0.502878 0.012913 0.076480
0 9277 0.407283 0.503701 0.021178 0.084704
0 9283 0.844783 0.523026 0.010847 0.050987
0 9280 0.335744 0.509457 0.019628 0.094572
0 9281 0.319473 0.502878 0.022211 0.099507
0 9282 0.292355 0.506990 0.015496 0.087993
