1 1231 0.165548 0.561266 0.220558 0.189967
1 1236 0.523760 0.494243 0.014463 0.024671
1 1244 0.574897 0.502878 0.028926 0.038651
1 1247 0.609762 0.528372 0.074897 0.078125
1 1252 0.819215 0.524260 0.087810 0.078125
1 1246 0.541581 0.496299 0.013946 0.017270
1 1249 0.120093 0.468339 0.061467 0.037007
1 1250 0.045713 0.465872 0.092459 0.038651
1 1253 0.667355 0.518092 0.055785 0.054276
0 9265 0.464101 0.508635 0.014979 0.078125
0 9269 0.444215 0.512747 0.015496 0.087993
0 9273 0.387397 0.502467 0.017562 0.113487
0 9274 0.363378 0.513980 0.019112 0.098684
0 9275 0.870610 0.529194 0.012913 0.058388
0 9276 0.432076 0.502056 0.012913 0.073191
0 9277 0.406250 0.504934 0.017045 0.092105
0 9280 0.337293 0.512336 0.019628 0.095395
0 9281 0.316632 0.506579 0.021694 0.100329
0 9282 0.289256 0.510280 0.015496 0.094572
0 9284 0.254132 0.493010 0.025826 0.086349
