1 1231 0.136880 0.560033 0.228306 0.194079
1 1254 0.529442 0.494655 0.013430 0.023849
1 1247 0.608471 0.524260 0.066116 0.073191
1 1253 0.672262 0.519326 0.058368 0.055099
1 1252 0.853048 0.528783 0.103822 0.085526
1 1246 0.548295 0.500822 0.013946 0.016447
1 1255 0.715393 0.519737 0.046488 0.049342
0 9265 0.472366 0.510691 0.012913 0.080592
0 9285 0.461002 0.511924 0.013946 0.086349
0 9273 0.391787 0.506990 0.022211 0.122533
0 9274 0.366219 0.516859 0.020661 0.104441
0 9269 0.448605 0.516859 0.012913 0.091283
0 9277 0.415031 0.513980 0.027376 0.100329
0 9280 0.341167 0.516036 0.019112 0.097862
0 9281 0.317407 0.511102 0.023244 0.102796
0 9282 0.287707 0.512747 0.016529 0.097862
0 9284 0.259298 0.506168 0.022727 0.094572
