1 1231 0.112087 0.552220 0.225207 0.206414
1 1254 0.539773 0.496711 0.013430 0.021382
1 1247 0.613636 0.523026 0.061983 0.069079
1 1253 0.681043 0.519737 0.058368 0.055921
1 1252 0.903926 0.533717 0.127066 0.097039
1 1246 0.558110 0.500000 0.014979 0.016447
1 1255 0.745093 0.525905 0.068698 0.058388
0 9265 0.481663 0.513158 0.013946 0.082237
0 9269 0.462035 0.519737 0.021178 0.095395
0 9274 0.372417 0.520148 0.020661 0.107730
0 9280 0.348140 0.519737 0.019628 0.100329
0 9276 0.446798 0.513569 0.013430 0.087993
0 9273 0.399535 0.509457 0.018079 0.124178
0 9281 0.321539 0.513158 0.020145 0.108553
0 9286 0.308110 0.495477 0.012913 0.084704
0 9282 0.289773 0.518092 0.021694 0.103618
0 9284 0.266529 0.508224 0.024793 0.100329
0 9287 0.255165 0.507812 0.013430 0.111020
0 9277 0.423037 0.516447 0.021694 0.103618
0 9288 0.829804 0.521793 0.011880 0.043586
