1 1231 0.100207 0.554276 0.201446 0.210526
1 1246 0.571539 0.498355 0.017045 0.018092
1 1247 0.622934 0.519737 0.056818 0.064145
1 1253 0.697056 0.519326 0.058368 0.051809
1 1252 0.945506 0.535362 0.110021 0.100329
1 1254 0.553719 0.497944 0.013430 0.023849
1 1255 0.791064 0.532484 0.085227 0.066612
1 1256 0.154959 0.479030 0.076446 0.041941
0 9265 0.496901 0.513158 0.012397 0.085526
0 9269 0.473915 0.520148 0.018079 0.097862
0 9274 0.386364 0.522204 0.022727 0.110197
0 9280 0.357696 0.520970 0.020145 0.104441
0 9276 0.460744 0.505345 0.010331 0.074836
0 9273 0.411932 0.511924 0.024277 0.130757
0 9281 0.329029 0.515625 0.020661 0.115132
0 9286 0.317924 0.495888 0.013946 0.085526
0 9282 0.296229 0.519326 0.021178 0.106086
0 9284 0.270661 0.508635 0.018595 0.106086
0 9289 0.261880 0.504523 0.014463 0.104441
0 9277 0.435692 0.516859 0.021178 0.114309
0 9288 0.852789 0.522615 0.016529 0.050164
0 9290 0.873450 0.527549 0.012397 0.056743
0 9291 0.344267 0.509046 0.016012 0.088816
