1 1231 0.089101 0.548109 0.179236 0.198191
1 1246 0.588068 0.497533 0.014979 0.019737
1 1247 0.636364 0.518092 0.052686 0.062500
1 1253 0.714618 0.517681 0.058368 0.055099
1 1254 0.568957 0.496711 0.012913 0.021382
1 1255 0.855372 0.539885 0.115702 0.081414
1 1256 0.168388 0.479030 0.078512 0.043586
0 9265 0.513171 0.512747 0.014979 0.084704
0 9269 0.490186 0.520970 0.016529 0.101151
0 9274 0.399019 0.524260 0.021178 0.115954
0 9280 0.370093 0.519737 0.020145 0.108553
0 9276 0.474948 0.505345 0.012913 0.076480
0 9273 0.426653 0.511102 0.023760 0.135691
0 9281 0.336519 0.517270 0.025310 0.118421
0 9292 0.317924 0.495888 0.013946 0.085526
0 9282 0.305527 0.519737 0.022211 0.108553
0 9284 0.282541 0.508635 0.022727 0.107730
0 9289 0.272469 0.505345 0.013946 0.106086
0 9277 0.452479 0.514391 0.019628 0.114309
0 9293 0.931818 0.528372 0.015496 0.069901
0 9291 0.355372 0.510691 0.018595 0.090461
