1 1231 0.075671 0.544819 0.152376 0.191612
1 1246 0.606147 0.495888 0.014979 0.018092
1 1247 0.651343 0.508635 0.051653 0.061678
1 1253 0.735537 0.515625 0.058884 0.054276
1 1255 0.932076 0.551398 0.134814 0.107730
1 1254 0.587293 0.493421 0.013430 0.023026
1 1256 0.184401 0.476562 0.077479 0.043586
0 9265 0.532800 0.511924 0.014979 0.089638
0 9269 0.512655 0.521793 0.026343 0.109375
0 9274 0.415806 0.520559 0.024793 0.121711
0 9280 0.387397 0.518914 0.020661 0.116776
0 9276 0.496384 0.502878 0.010331 0.076480
0 9273 0.442407 0.509457 0.023244 0.142270
0 9281 0.348657 0.516036 0.023760 0.122533
0 9294 0.309917 0.490543 0.016529 0.092928
0 9282 0.317924 0.516447 0.024277 0.113487
0 9284 0.292355 0.506168 0.021694 0.114309
0 9277 0.466426 0.516036 0.028926 0.122533
0 9291 0.368027 0.510280 0.021178 0.096217
