1 1231 0.063533 0.546053 0.128099 0.194079
1 1246 0.625000 0.494243 0.013430 0.018092
1 1247 0.668130 0.507812 0.049070 0.051809
1 1253 0.757231 0.513980 0.060950 0.055921
1 1254 0.606405 0.490954 0.013430 0.021382
1 1256 0.199897 0.474918 0.075413 0.041941
1 1257 0.115444 0.471628 0.091426 0.041941
1 1258 0.694731 0.496299 0.016529 0.017270
1 1259 0.932851 0.512747 0.026860 0.030428
0 9265 0.555785 0.511102 0.015496 0.096217
0 9269 0.534091 0.516859 0.026860 0.112664
0 9274 0.431818 0.521793 0.023760 0.129112
0 9280 0.401343 0.520148 0.022727 0.119243
0 9276 0.516529 0.499589 0.010331 0.076480
0 9273 0.459969 0.511513 0.024277 0.156250
0 9281 0.364411 0.517681 0.024277 0.129112
0 9294 0.319990 0.491776 0.018079 0.095395
0 9282 0.332903 0.517681 0.023244 0.122533
0 9284 0.304494 0.504112 0.022211 0.116776
0 9277 0.486570 0.511102 0.028926 0.115954
0 9291 0.381457 0.509046 0.017045 0.101974
