1 1231 0.050878 0.543586 0.102789 0.189145
1 1246 0.644628 0.493832 0.014463 0.017270
1 1247 0.685434 0.506168 0.047521 0.048520
1 1253 0.778409 0.511513 0.059917 0.054276
1 1254 0.624483 0.491776 0.013430 0.021382
1 1256 0.216167 0.476562 0.073864 0.043586
1 1257 0.131198 0.472039 0.097107 0.042763
1 1258 0.717717 0.496711 0.014979 0.019737
1 1260 0.966426 0.512336 0.032025 0.032895
0 9265 0.579545 0.511102 0.014463 0.099507
0 9269 0.558626 0.523849 0.026343 0.120066
0 9274 0.452738 0.527549 0.028409 0.138980
0 9280 0.417355 0.521382 0.024793 0.123355
0 9276 0.537190 0.501645 0.014463 0.077303
0 9273 0.479339 0.513569 0.025826 0.157072
0 9281 0.375775 0.512747 0.024277 0.135691
0 9294 0.332128 0.481086 0.017562 0.077303
0 9282 0.345041 0.520148 0.025826 0.122533
0 9284 0.318182 0.508635 0.021694 0.122533
0 9277 0.507231 0.519737 0.033058 0.131579
0 9291 0.396436 0.511513 0.021178 0.108553
