1 1246 0.664514 0.494243 0.014979 0.019737
1 1247 0.702996 0.504112 0.045455 0.046053
1 1253 0.801136 0.512336 0.059917 0.055921
1 1254 0.644628 0.492188 0.013430 0.020559
1 1256 0.234246 0.478207 0.074897 0.043586
1 1257 0.146436 0.477385 0.092459 0.040296
1 1258 0.742252 0.498766 0.016529 0.020559
1 1261 0.080579 0.473273 0.058884 0.035362
0 9265 0.601240 0.514803 0.015496 0.100329
0 9269 0.583419 0.526316 0.028409 0.121711
0 9274 0.471074 0.528783 0.024793 0.146382
0 9280 0.436467 0.526727 0.019628 0.130757
0 9276 0.560434 0.500822 0.015496 0.077303
0 9273 0.500517 0.515625 0.026860 0.169408
0 9295 0.375775 0.512747 0.024277 0.135691
0 9291 0.411932 0.515625 0.018079 0.110197
0 9282 0.360279 0.524260 0.026343 0.124178
0 9284 0.335486 0.510280 0.024277 0.124178
0 9277 0.529959 0.523849 0.034091 0.141447
0 9281 0.388171 0.517270 0.033574 0.146382
0 9296 0.426395 0.502878 0.018079 0.114309
