1 1246 0.684917 0.496299 0.014463 0.017270
1 1247 0.722366 0.503701 0.042872 0.045230
1 1253 0.826188 0.512336 0.059401 0.050987
1 1254 0.665289 0.493421 0.013430 0.021382
1 1256 0.249742 0.481908 0.068698 0.039474
1 1257 0.165031 0.478618 0.088326 0.041118
1 1258 0.769370 0.498766 0.018079 0.020559
1 1261 0.099948 0.475740 0.054236 0.033717
0 9265 0.628616 0.515625 0.013430 0.105263
0 9269 0.611312 0.530016 0.031508 0.129112
0 9274 0.495093 0.532484 0.025310 0.157072
0 9280 0.451188 0.529194 0.024277 0.137336
0 9276 0.582903 0.499178 0.012913 0.070724
0 9273 0.523760 0.521382 0.027893 0.180921
0 9282 0.377841 0.527961 0.030475 0.129934
0 9291 0.426395 0.518092 0.018079 0.118421
0 9284 0.347624 0.513980 0.026860 0.129934
0 9277 0.558110 0.530428 0.036674 0.148026
0 9281 0.403667 0.522204 0.034607 0.151316
0 9296 0.442407 0.506168 0.018079 0.114309
