1 1246 0.707645 0.495477 0.014463 0.017270
1 1247 0.745093 0.504112 0.040806 0.042763
1 1253 0.854081 0.511513 0.061467 0.050987
1 1254 0.687758 0.493421 0.012913 0.021382
1 1256 0.270919 0.482730 0.071798 0.039474
1 1257 0.187500 0.481908 0.091942 0.046053
1 1258 0.799329 0.498766 0.020145 0.022204
1 1261 0.122417 0.479852 0.049587 0.035362
0 9265 0.657800 0.518914 0.013946 0.110197
0 9269 0.641271 0.533306 0.032541 0.138980
0 9274 0.518079 0.539474 0.021694 0.167763
0 9280 0.473140 0.534951 0.030992 0.143914
0 9276 0.610279 0.498355 0.016012 0.067434
0 9273 0.551395 0.526316 0.030475 0.192434
0 9284 0.368802 0.520970 0.023760 0.129112
0 9281 0.423037 0.527549 0.032025 0.163651
0 9296 0.460227 0.506990 0.019628 0.122533
0 9277 0.585486 0.532072 0.035640 0.156250
0 9282 0.395919 0.534128 0.029442 0.145559
0 9291 0.442924 0.525493 0.016012 0.116776
