1 1246 0.732955 0.496711 0.015496 0.018092
1 1247 0.769370 0.503289 0.039773 0.041118
1 1253 0.884814 0.512747 0.063017 0.053454
1 1254 0.712552 0.495888 0.012913 0.019737
1 1256 0.292614 0.487664 0.071798 0.042763
1 1257 0.209969 0.484786 0.090393 0.041941
1 1258 0.832645 0.500411 0.022727 0.023849
1 1261 0.145919 0.485197 0.050103 0.037829
0 9265 0.689566 0.521793 0.013430 0.111020
0 9269 0.677169 0.527138 0.037190 0.131579
0 9274 0.548295 0.543586 0.030475 0.175987
0 9280 0.499742 0.538240 0.031508 0.150493
0 9273 0.586519 0.528372 0.032541 0.203125
0 9282 0.419680 0.535773 0.028409 0.145559
0 9296 0.480114 0.512747 0.029442 0.127467
0 9277 0.616219 0.535773 0.036157 0.165296
0 9284 0.389463 0.522615 0.023760 0.142270
0 9281 0.447056 0.532072 0.036674 0.169408
0 9297 0.106921 0.483553 0.012397 0.039474
