1 1246 0.760589 0.496711 0.014979 0.016447
1 1247 0.796229 0.501234 0.039773 0.041941
1 1253 0.920196 0.508635 0.065599 0.053454
1 1254 0.739411 0.494243 0.012913 0.019737
1 1256 0.315599 0.489720 0.071281 0.043586
1 1257 0.233471 0.487664 0.090909 0.046053
1 1258 0.870093 0.498766 0.024277 0.023849
1 1261 0.170971 0.487664 0.049587 0.034539
1 1262 0.039256 0.485197 0.059917 0.036184
0 9269 0.711777 0.546053 0.032025 0.154605
0 9277 0.656767 0.543174 0.042872 0.185033
0 9280 0.530217 0.543997 0.028409 0.155428
0 9296 0.506457 0.516859 0.023244 0.137336
0 9274 0.580062 0.548109 0.030992 0.185033
0 9282 0.442149 0.540296 0.032025 0.154605
0 9298 0.395661 0.511924 0.024793 0.130757
0 9273 0.620868 0.532484 0.032025 0.226151
0 9284 0.410899 0.526316 0.024277 0.144737
0 9281 0.469783 0.537418 0.030475 0.175164
0 9297 0.127841 0.486020 0.011880 0.039474
