1 1246 0.788223 0.495066 0.017562 0.023026
1 1258 0.911674 0.497944 0.027893 0.025493
1 1253 0.949897 0.507401 0.050620 0.052632
1 1256 0.340134 0.490543 0.071798 0.043586
1 1257 0.257490 0.490132 0.088326 0.046053
1 1247 0.826188 0.499178 0.036674 0.039474
1 1261 0.194473 0.492599 0.045971 0.031250
1 1262 0.068957 0.488898 0.057335 0.030428
0 9269 0.755682 0.544819 0.036157 0.173520
0 9277 0.695506 0.541118 0.035640 0.187500
0 9280 0.558368 0.550987 0.033058 0.166118
0 9296 0.530733 0.518914 0.027376 0.144737
0 9274 0.613378 0.554276 0.027376 0.199013
0 9282 0.469525 0.546875 0.035124 0.159539
0 9298 0.411157 0.513158 0.029959 0.134868
0 9273 0.661415 0.539474 0.034607 0.238487
0 9284 0.439824 0.530839 0.024277 0.155428
0 9281 0.498450 0.543586 0.036157 0.184211
0 9297 0.153926 0.490543 0.012397 0.037007
0 9299 0.590393 0.536184 0.023760 0.139803
