1 1246 0.822572 0.499178 0.014979 0.016447
1 1258 0.961002 0.500000 0.030475 0.027961
1 1253 0.984762 0.509457 0.032541 0.051809
1 1257 0.284349 0.495477 0.089360 0.043586
1 1261 0.223140 0.495066 0.045455 0.037829
1 1247 0.860021 0.501645 0.040289 0.041118
1 1262 0.100465 0.493421 0.057335 0.034539
1 1263 0.037190 0.483141 0.072314 0.074836
1 1256 0.366736 0.495477 0.070248 0.043586
0 9269 0.808110 0.553454 0.036674 0.187500
0 9277 0.743543 0.555099 0.036674 0.215461
0 9299 0.627583 0.540707 0.023760 0.143914
0 9280 0.595558 0.559211 0.036157 0.172697
0 9300 0.676136 0.554688 0.021694 0.185033
0 9281 0.528667 0.550576 0.029442 0.194901
0 9284 0.469008 0.537418 0.027893 0.155428
0 9273 0.709711 0.547286 0.035124 0.259046
0 9282 0.499742 0.553454 0.029442 0.171053
0 9296 0.558626 0.524671 0.031508 0.152961
0 9297 0.177428 0.493832 0.010847 0.040296
0 9274 0.652893 0.560444 0.024793 0.214638
0 9298 0.435176 0.522204 0.037707 0.143092
