1 1257 0.312500 0.496299 0.085744 0.041941
1 1261 0.251808 0.497533 0.043905 0.034539
1 1247 0.901860 0.508224 0.038223 0.042763
1 1262 0.133523 0.491365 0.055269 0.038651
1 1263 0.053461 0.488076 0.106921 0.076480
1 1256 0.394370 0.497944 0.072831 0.041941
0 9269 0.873709 0.560855 0.039773 0.187500
0 9277 0.806302 0.567845 0.042355 0.232730
0 9299 0.671746 0.548520 0.033574 0.149671
0 9280 0.635847 0.566612 0.037190 0.184211
0 9274 0.703771 0.576891 0.028409 0.227796
0 9281 0.563533 0.559622 0.030992 0.206414
0 9284 0.502583 0.543174 0.027893 0.165296
0 9273 0.767562 0.559211 0.037190 0.279605
0 9282 0.537707 0.564145 0.036157 0.177632
0 9296 0.596849 0.536184 0.031508 0.162829
0 9297 0.204804 0.495477 0.010847 0.035362
0 9300 0.732438 0.566201 0.035124 0.194901
0 9298 0.463326 0.528783 0.038223 0.152961
