1 1257 0.343492 0.500411 0.087810 0.041941
1 1261 0.282283 0.498355 0.043905 0.036184
1 1262 0.166581 0.496299 0.054236 0.035362
1 1263 0.070248 0.489309 0.140496 0.072368
1 1256 0.425620 0.500822 0.071281 0.044408
0 9277 0.877841 0.582648 0.052169 0.249178
0 9273 0.835227 0.571546 0.048554 0.310855
0 9301 0.671746 0.548520 0.033574 0.149671
0 9296 0.639205 0.539474 0.034607 0.174342
0 9280 0.688275 0.578536 0.049070 0.188322
0 9282 0.577479 0.570724 0.030992 0.192434
0 9298 0.494318 0.529605 0.030992 0.161184
0 9274 0.773244 0.587582 0.047521 0.245888
0 9284 0.540031 0.547697 0.030475 0.174342
0 9281 0.610279 0.568257 0.032541 0.220395
0 9297 0.232955 0.497533 0.010331 0.036184
0 9299 0.722882 0.555921 0.028409 0.159539
