1 1257 0.373967 0.502467 0.090909 0.042763
1 1261 0.311725 0.502056 0.039773 0.037007
1 1262 0.196798 0.501234 0.056818 0.037007
1 1263 0.101240 0.492188 0.139463 0.076480
1 1256 0.454287 0.504112 0.075930 0.046053
0 9277 0.960486 0.597451 0.043905 0.285362
0 9273 0.919163 0.589638 0.062500 0.358553
0 9296 0.684659 0.549753 0.031508 0.193257
0 9281 0.656508 0.580181 0.035124 0.234375
0 9280 0.739411 0.585115 0.052169 0.211349
0 9284 0.576963 0.555510 0.032025 0.186678
0 9298 0.519886 0.539474 0.041839 0.172697
0 9274 0.822314 0.599918 0.045455 0.277138
0 9302 0.860795 0.584704 0.050103 0.236842
0 9282 0.622417 0.578536 0.043388 0.203125
0 9297 0.259298 0.499178 0.011364 0.036184
0 9299 0.775568 0.563322 0.036674 0.169408
