1 1257 0.400310 0.503701 0.089876 0.045230
1 1261 0.339360 0.502878 0.042355 0.038651
1 1262 0.225981 0.500000 0.054236 0.034539
1 1263 0.133006 0.492188 0.130682 0.071546
1 1256 0.483213 0.505345 0.075930 0.048520
0 9303 0.977273 0.565789 0.044421 0.215461
0 9280 0.798295 0.593339 0.062500 0.236020
0 9281 0.707386 0.585526 0.038740 0.258224
0 9282 0.665031 0.587582 0.037707 0.222862
0 9296 0.738895 0.558799 0.035640 0.211349
0 9298 0.552944 0.541941 0.038740 0.182566
0 9299 0.832645 0.571546 0.034091 0.184211
0 9274 0.904959 0.616365 0.052686 0.311678
0 9284 0.621126 0.560855 0.037707 0.200658
0 9297 0.283058 0.500822 0.011364 0.036184
