1 1257 0.428977 0.504934 0.091426 0.046053
1 1261 0.366477 0.504112 0.041839 0.037829
1 1262 0.254649 0.501234 0.055785 0.035362
1 1263 0.162190 0.494243 0.126033 0.072368
1 1256 0.513171 0.505757 0.077996 0.047697
0 9281 0.772986 0.598684 0.045971 0.287829
0 9282 0.725981 0.596628 0.055269 0.239309
0 9298 0.586002 0.544408 0.044938 0.195724
0 9296 0.803977 0.563734 0.033574 0.234375
0 9280 0.868543 0.607730 0.069731 0.261513
0 9284 0.664514 0.567845 0.038740 0.217928
0 9297 0.308110 0.500822 0.009814 0.034539
