1 1257 0.498967 0.509868 0.097107 0.050987
1 1261 0.433110 0.509046 0.042872 0.039474
1 1262 0.319473 0.504934 0.056302 0.037829
1 1263 0.230372 0.495066 0.122934 0.075658
1 1256 0.583161 0.511513 0.081612 0.049342
0 9284 0.792097 0.592928 0.053202 0.256579
0 9298 0.690857 0.562911 0.047004 0.237664
0 9282 0.896436 0.638569 0.072831 0.326480
0 9281 0.966426 0.647204 0.066116 0.399671
0 9297 0.366736 0.506168 0.010331 0.037007
0 9304 0.843750 0.546875 0.030475 0.180921
0 9305 0.758006 0.554688 0.041839 0.185033
