1 1257 0.842975 0.546464 0.169421 0.083059
1 1261 0.727273 0.534128 0.084711 0.061678
1 1262 0.558884 0.519326 0.065083 0.046875
1 1263 0.446281 0.513569 0.163223 0.111020
1 1256 0.948864 0.549342 0.100207 0.085526
1 1264 0.182593 0.495888 0.085227 0.072368
1 1265 0.120093 0.481908 0.062500 0.062500
1 1266 0.070248 0.476151 0.059917 0.044408
1 1267 0.034607 0.461349 0.055785 0.050987
0 9307 0.627583 0.521382 0.013430 0.050987
0 9310 0.616994 0.519326 0.009814 0.040296
0 9309 0.602531 0.517270 0.009814 0.041118
