1 1257 0.961519 0.557155 0.073864 0.089638
1 1261 0.867252 0.554688 0.113636 0.089638
1 1262 0.650568 0.523849 0.063533 0.050987
1 1263 0.518853 0.525493 0.208161 0.148026
1 1264 0.210744 0.497533 0.086777 0.088816
1 1265 0.153926 0.480263 0.053719 0.057566
1 1266 0.112087 0.469572 0.047521 0.047697
1 1267 0.081353 0.451069 0.042872 0.046875
1 1268 0.043647 0.450658 0.030475 0.027961
1 1269 0.255165 0.484786 0.041322 0.058388
0 9307 0.752324 0.527961 0.016012 0.057566
0 9310 0.680010 0.520559 0.010847 0.039474
