1 1271 0.313017 0.518503 0.151860 0.137336
1 1273 0.116994 0.472039 0.044938 0.042763
1 1267 0.051395 0.451069 0.026343 0.030428
1 1268 0.024535 0.449836 0.014979 0.016447
1 1261 0.925620 0.568668 0.140496 0.099507
1 1264 0.174329 0.490954 0.064566 0.064145
1 1272 0.667614 0.538651 0.089360 0.057566
1 1274 0.835227 0.555921 0.058884 0.060855
1 1275 0.464101 0.523438 0.159607 0.129112
1 1276 0.081353 0.465872 0.026343 0.033717
1 1277 0.211777 0.477385 0.028926 0.032072
0 9314 0.715651 0.536595 0.012913 0.046875
