1 1296 0.275310 0.494243 0.026860 0.037829
1 1319 0.726240 0.549753 0.116736 0.069901
1 1316 0.256457 0.491365 0.013946 0.020559
1 1317 0.245351 0.459704 0.022727 0.014803
1 1300 0.397727 0.507812 0.048554 0.046875
1 1310 0.295713 0.485197 0.021178 0.036184
1 1315 0.334194 0.480263 0.014463 0.019737
1 1320 0.848657 0.567845 0.129132 0.071546
1 1311 0.492510 0.569901 0.197831 0.187500
1 1321 0.313275 0.480674 0.012913 0.013980
1 1322 0.585227 0.519737 0.040289 0.050987
0 9316 0.188791 0.493010 0.009814 0.046875
0 9317 0.170196 0.489720 0.012913 0.058388
0 9318 0.036932 0.562089 0.050103 0.157072
