1 1319 0.781250 0.550987 0.127583 0.074013
1 1315 0.367510 0.480263 0.016012 0.018092
1 1300 0.413481 0.502056 0.035640 0.035362
1 1296 0.303202 0.494243 0.022727 0.034539
1 1321 0.345816 0.481497 0.017045 0.015625
1 1310 0.323605 0.483964 0.020145 0.032072
1 1320 0.914514 0.565378 0.159607 0.076480
1 1323 0.587035 0.518092 0.060434 0.075658
1 1311 0.484762 0.556743 0.163740 0.164474
1 1322 0.630424 0.520148 0.033574 0.051809
0 9316 0.217975 0.493010 0.010331 0.053454
0 9317 0.198089 0.489720 0.012913 0.058388
0 9318 0.055785 0.563734 0.050620 0.157072
