1 1319 0.844525 0.557155 0.147727 0.079770
1 1321 0.379132 0.482319 0.017562 0.015625
1 1315 0.399535 0.481086 0.017045 0.021382
1 1310 0.351498 0.484786 0.019112 0.032072
1 1296 0.330837 0.492599 0.024277 0.032895
1 1320 0.944990 0.569079 0.112087 0.069079
1 1323 0.639979 0.527138 0.071281 0.069079
1 1311 0.487345 0.550164 0.138946 0.138158
1 1322 0.677944 0.525905 0.023244 0.048520
0 9316 0.244835 0.492188 0.010331 0.053454
0 9317 0.223915 0.490132 0.011880 0.059211
0 9318 0.079029 0.564967 0.051653 0.159539
0 9319 0.026085 0.565789 0.048037 0.175987
