1 1323 0.696798 0.536184 0.079545 0.087171
1 1310 0.378616 0.485197 0.019628 0.031250
1 1296 0.357955 0.493421 0.022727 0.031250
1 1324 0.329804 0.478207 0.011880 0.013980
1 1319 0.914256 0.570312 0.170455 0.089638
1 1325 0.561725 0.505345 0.040806 0.043586
1 1311 0.496643 0.544408 0.119318 0.129934
1 1315 0.431560 0.483141 0.016012 0.018914
1 1321 0.414514 0.484375 0.013946 0.016447
0 9316 0.270661 0.493421 0.013430 0.047697
0 9318 0.096074 0.573602 0.057851 0.173520
0 9319 0.036415 0.573191 0.048037 0.175987
