1 1323 0.757231 0.542352 0.096074 0.096217
1 1296 0.380682 0.491776 0.020661 0.031250
1 1310 0.399793 0.486431 0.019628 0.030428
1 1324 0.355114 0.479441 0.013946 0.011513
1 1319 0.945248 0.574013 0.110537 0.088816
1 1325 0.594525 0.509046 0.045455 0.046053
1 1311 0.503874 0.538240 0.105888 0.117599
1 1315 0.457645 0.484375 0.014463 0.018092
1 1326 0.415031 0.486431 0.011880 0.017270
0 9316 0.292097 0.496299 0.014979 0.051809
0 9318 0.106147 0.576480 0.056302 0.177632
0 9319 0.042872 0.576069 0.052686 0.191612
