1 1296 0.413740 0.483141 0.014463 0.018914
1 1310 0.438533 0.483553 0.018595 0.027961
1 1328 0.644886 0.550164 0.125517 0.128289
1 1330 0.508523 0.500411 0.027376 0.038651
1 1333 0.541581 0.493421 0.023244 0.021382
1 1331 0.916581 0.550164 0.152376 0.110197
1 1332 0.582128 0.503701 0.034091 0.030428
1 1311 0.472107 0.503701 0.043388 0.055099
1 1334 0.524277 0.489720 0.009298 0.015625
0 9320 0.025826 0.518503 0.050620 0.183388
0 9316 0.085744 0.528372 0.045455 0.157072
0 9324 0.819473 0.546875 0.024277 0.052632
0 9325 0.802686 0.535362 0.013430 0.047697
0 9326 0.779959 0.533306 0.013430 0.046875
