1 1296 0.413740 0.483141 0.014463 0.018914
1 1310 0.440599 0.483964 0.019628 0.028783
1 1335 0.716167 0.523438 0.054236 0.060033
1 1330 0.509039 0.499589 0.028409 0.037007
1 1333 0.548037 0.495477 0.024793 0.023849
1 1331 0.936209 0.556743 0.126550 0.113487
1 1328 0.634298 0.546875 0.115702 0.125000
1 1311 0.471074 0.504112 0.041322 0.055921
1 1334 0.528409 0.490543 0.014463 0.018914
0 9316 0.014979 0.537007 0.029959 0.189145
0 9324 0.833161 0.546875 0.018595 0.052632
0 9326 0.796229 0.535362 0.013946 0.046053
