1 1296 0.415031 0.483141 0.014979 0.018914
1 1310 0.443698 0.485197 0.018595 0.026316
1 1335 0.764721 0.534539 0.068698 0.072368
1 1330 0.510331 0.502467 0.032025 0.039474
1 1333 0.564824 0.497944 0.023244 0.023849
1 1328 0.619576 0.543997 0.103822 0.117599
1 1311 0.469525 0.505757 0.039256 0.049342
1 1334 0.542097 0.495477 0.019112 0.020559
0 9324 0.871901 0.554276 0.017562 0.057566
0 9326 0.829029 0.543174 0.016529 0.053454
0 9327 0.954545 0.569079 0.021694 0.052632
0 9328 0.705320 0.518914 0.047004 0.047697
