1 1296 0.416322 0.486431 0.013430 0.020559
1 1310 0.444990 0.486431 0.018079 0.025493
1 1335 0.797262 0.541941 0.077996 0.080592
1 1330 0.513171 0.503289 0.033574 0.041118
1 1333 0.571023 0.499178 0.021178 0.021382
1 1336 0.684659 0.532072 0.048037 0.050987
1 1311 0.469525 0.505345 0.039256 0.048520
1 1334 0.549329 0.498355 0.017045 0.021382
1 1328 0.615186 0.543174 0.101240 0.112664
1 1337 0.429494 0.485197 0.012913 0.016447
0 9324 0.897469 0.560444 0.021178 0.061678
0 9326 0.850465 0.548520 0.017045 0.055921
0 9329 0.923295 0.558388 0.023244 0.070724
0 9328 0.733988 0.524671 0.033058 0.047697
