1 1296 0.417355 0.485609 0.014463 0.018914
1 1310 0.447572 0.485609 0.019112 0.025493
1 1335 0.833678 0.546053 0.091942 0.087171
1 1330 0.515754 0.504523 0.035640 0.041941
1 1336 0.714101 0.540707 0.083161 0.068257
1 1311 0.469783 0.505345 0.037707 0.050164
1 1334 0.559917 0.499589 0.023760 0.022204
1 1328 0.612862 0.541530 0.096591 0.109375
1 1337 0.430010 0.484375 0.012913 0.014803
0 9330 0.977273 0.566201 0.016529 0.069901
0 9324 0.928202 0.560855 0.026860 0.067434
0 9329 0.960744 0.564145 0.023760 0.075658
