1 1296 0.421229 0.480674 0.012913 0.017270
1 1310 0.450155 0.482730 0.019112 0.027961
1 1335 0.934917 0.559211 0.128099 0.111842
1 1330 0.522727 0.498355 0.035124 0.039474
1 1336 0.847882 0.563734 0.154442 0.094572
1 1311 0.470558 0.497122 0.036157 0.048520
1 1339 0.662707 0.506168 0.030992 0.050164
1 1328 0.612345 0.538240 0.094525 0.109375
1 1337 0.434143 0.479852 0.012913 0.015625
1 1338 0.495868 0.487664 0.020661 0.034539
1 1340 0.542355 0.490954 0.013430 0.021382
0 9331 0.744318 0.513569 0.009298 0.040296
0 9332 0.753874 0.520559 0.008781 0.044408
