1 1296 0.422262 0.479852 0.011880 0.015625
1 1310 0.451963 0.482730 0.015496 0.027961
1 1336 0.927944 0.590872 0.144112 0.127467
1 1330 0.525052 0.499589 0.035640 0.041941
1 1311 0.470816 0.497122 0.036674 0.048520
1 1339 0.677428 0.508224 0.041839 0.055921
1 1328 0.611570 0.532484 0.091942 0.106086
1 1337 0.435176 0.479852 0.013946 0.015625
1 1338 0.497417 0.488898 0.023760 0.037007
1 1340 0.549845 0.493421 0.020145 0.024671
0 9331 0.761880 0.513569 0.008264 0.041941
0 9332 0.771694 0.520148 0.006198 0.043586
0 9333 0.797262 0.527138 0.011880 0.052632
0 9334 0.808110 0.525905 0.010847 0.048520
