1 1296 0.422521 0.484375 0.012397 0.018092
1 1330 0.528409 0.503289 0.036157 0.042763
1 1311 0.470816 0.497122 0.036674 0.048520
1 1339 0.693957 0.513569 0.053202 0.061678
1 1328 0.613120 0.534951 0.090909 0.111020
1 1337 0.437242 0.484375 0.013946 0.016447
1 1338 0.501808 0.494655 0.024277 0.037007
1 1340 0.557593 0.497533 0.024277 0.024671
0 9331 0.780992 0.520148 0.011364 0.043586
0 9332 0.791064 0.526316 0.008781 0.046053
0 9333 0.820248 0.529605 0.012397 0.059211
0 9334 0.831870 0.532484 0.011880 0.051809
0 9335 0.881973 0.544408 0.012913 0.059211
0 9336 0.911415 0.548931 0.016012 0.060033
0 9337 0.938017 0.552632 0.021694 0.064145
0 9338 0.960486 0.557566 0.013946 0.067434
