1 1296 0.423037 0.483964 0.011364 0.017270
1 1330 0.531250 0.502056 0.036674 0.045230
1 1311 0.470558 0.498355 0.034091 0.046053
1 1339 0.719525 0.515625 0.052686 0.059211
1 1328 0.616219 0.532484 0.091942 0.107730
1 1337 0.436983 0.482319 0.015496 0.018914
1 1338 0.502583 0.492188 0.025826 0.038651
1 1340 0.568182 0.497533 0.024793 0.024671
0 9331 0.802944 0.519326 0.010847 0.051809
0 9332 0.812242 0.519737 0.009814 0.052632
0 9333 0.848140 0.532895 0.014463 0.059211
0 9334 0.861570 0.534951 0.013430 0.058388
0 9335 0.917097 0.546875 0.021178 0.060855
0 9336 0.953771 0.549753 0.016012 0.064967
0 9337 0.985021 0.556332 0.026860 0.071546
