1 1296 0.420713 0.480263 0.016012 0.016447
1 1330 0.534349 0.499589 0.038740 0.046875
1 1311 0.471074 0.495066 0.034091 0.046053
1 1339 0.741736 0.517681 0.063017 0.066612
1 1328 0.616477 0.532484 0.094525 0.107730
1 1337 0.435950 0.479441 0.013430 0.016447
1 1338 0.503616 0.489720 0.028926 0.038651
1 1341 0.678461 0.510280 0.035640 0.040296
0 9331 0.825930 0.522204 0.009298 0.057566
0 9332 0.834969 0.523026 0.008781 0.050987
0 9333 0.878874 0.534539 0.014979 0.062500
0 9334 0.894370 0.534951 0.014979 0.063322
0 9339 0.933884 0.541941 0.011364 0.064145
0 9335 0.959452 0.549342 0.021178 0.067434
0 9340 0.387655 0.476562 0.005682 0.020559
0 9341 0.915289 0.541941 0.013430 0.060855
