1 1296 0.421229 0.483553 0.016012 0.016447
1 1330 0.537448 0.505345 0.040806 0.046875
1 1311 0.470558 0.498355 0.033058 0.044408
1 1339 0.773760 0.525082 0.070248 0.076480
1 1328 0.619835 0.539062 0.098140 0.112664
1 1337 0.436983 0.482319 0.013430 0.018914
1 1338 0.505940 0.493421 0.029442 0.037829
1 1341 0.692149 0.516447 0.054752 0.042763
0 9331 0.853048 0.529605 0.012913 0.059211
0 9332 0.861570 0.532484 0.007231 0.053454
0 9333 0.916581 0.544408 0.017045 0.072368
0 9334 0.932076 0.544408 0.016012 0.067434
0 9340 0.388171 0.480263 0.005682 0.021382
