1 1296 0.421746 0.483553 0.017045 0.016447
1 1330 0.541581 0.505345 0.042872 0.050164
1 1311 0.471074 0.499589 0.034091 0.046875
1 1339 0.809659 0.531661 0.081095 0.086349
1 1328 0.625000 0.539885 0.103306 0.114309
1 1337 0.438017 0.481908 0.015496 0.018092
1 1338 0.509814 0.493421 0.030992 0.041118
1 1341 0.716684 0.521382 0.063533 0.046053
0 9331 0.883523 0.532484 0.013946 0.061678
0 9332 0.892562 0.533306 0.009298 0.053454
0 9333 0.962035 0.550987 0.021178 0.078947
0 9334 0.978564 0.550987 0.017045 0.078947
0 9340 0.388688 0.480263 0.006715 0.021382
