1 1296 0.424070 0.480263 0.015496 0.016447
1 1330 0.546229 0.503701 0.043905 0.051809
1 1311 0.471849 0.494655 0.034607 0.046875
1 1339 0.855114 0.535362 0.095558 0.098684
1 1328 0.630424 0.540296 0.114153 0.115132
1 1337 0.438275 0.478618 0.012913 0.016447
1 1338 0.513946 0.491776 0.035124 0.042763
1 1341 0.743802 0.523438 0.071281 0.050164
0 9332 0.932076 0.537418 0.009814 0.060033
0 9342 0.787190 0.516036 0.009298 0.041941
0 9331 0.920971 0.536595 0.019628 0.068257
0 9340 0.389205 0.476974 0.006715 0.021382
