1 1296 0.432076 0.486842 0.012913 0.019737
1 1330 0.887138 0.683799 0.224690 0.357730
1 1311 0.482696 0.503289 0.040806 0.057566
1 1337 0.447572 0.489309 0.011880 0.018092
1 1338 0.582128 0.518092 0.083678 0.100329
1 1344 0.739153 0.529194 0.082645 0.066612
0 9345 0.344783 0.493010 0.012913 0.050164
0 9346 0.370351 0.487664 0.011364 0.039474
0 9347 0.780217 0.514803 0.010847 0.036184
0 9348 0.677428 0.504523 0.008781 0.030428
0 9349 0.668388 0.504112 0.009298 0.029605
0 9350 0.656250 0.503701 0.007748 0.032072
