1 1296 0.433368 0.491365 0.009298 0.013980
1 1311 0.481147 0.502878 0.040806 0.056743
1 1337 0.449380 0.489309 0.010331 0.014803
1 1338 0.590393 0.524260 0.097107 0.112664
1 1345 0.132490 0.645148 0.260847 0.370888
1 1346 0.508523 0.498355 0.014979 0.026316
1 1347 0.516271 0.504523 0.010847 0.027138
0 9345 0.264205 0.500822 0.020145 0.082237
0 9346 0.341684 0.491776 0.010847 0.052632
0 9348 0.706612 0.506990 0.007231 0.037007
0 9349 0.697056 0.507812 0.008781 0.032072
0 9350 0.682593 0.506990 0.008781 0.035362
0 9351 0.895661 0.532895 0.014463 0.060855
