1 1296 0.433368 0.491365 0.009298 0.013980
1 1311 0.481147 0.502878 0.040806 0.056743
1 1337 0.450930 0.490132 0.010331 0.014803
1 1338 0.593233 0.525905 0.100723 0.115954
1 1345 0.154700 0.647204 0.310434 0.366776
1 1346 0.510072 0.498766 0.017045 0.027138
1 1347 0.517820 0.504934 0.011880 0.029605
0 9345 0.234504 0.487664 0.022727 0.077303
0 9346 0.332903 0.493421 0.013946 0.055921
0 9348 0.713326 0.509046 0.007231 0.039474
0 9349 0.704287 0.508635 0.009814 0.032072
0 9350 0.688791 0.509046 0.007748 0.036184
0 9351 0.928202 0.540707 0.018595 0.066612
