1 1296 0.435176 0.492599 0.010847 0.013158
1 1311 0.480630 0.504112 0.039773 0.057566
1 1337 0.450930 0.490132 0.010331 0.014803
1 1338 0.594267 0.526727 0.102789 0.117599
1 1345 0.173812 0.617599 0.329029 0.317434
1 1346 0.510847 0.500822 0.016529 0.027961
1 1347 0.519628 0.505757 0.012397 0.029605
0 9346 0.322831 0.494655 0.015496 0.060033
0 9348 0.720041 0.511924 0.007231 0.037007
0 9349 0.711002 0.509046 0.008781 0.032895
0 9350 0.694990 0.510280 0.008781 0.037007
0 9351 0.967717 0.543174 0.022211 0.068257
0 9352 0.355372 0.486431 0.010331 0.035362
