1 1296 0.435692 0.493832 0.009814 0.012336
1 1311 0.480114 0.502467 0.038740 0.054276
1 1337 0.450413 0.490954 0.009298 0.016447
1 1338 0.600207 0.529605 0.105372 0.125000
1 1345 0.216684 0.589227 0.293905 0.232730
1 1346 0.512655 0.501234 0.018079 0.028783
1 1348 0.505165 0.496299 0.015496 0.022204
1 1347 0.521178 0.506579 0.011364 0.029605
0 9349 0.717200 0.512336 0.009814 0.037829
0 9350 0.701705 0.511924 0.008781 0.041941
0 9348 0.727531 0.512336 0.007748 0.039474
0 9352 0.353306 0.486431 0.012397 0.035362
0 9353 0.136880 0.498355 0.039256 0.106908
