1 1296 0.436725 0.493010 0.009814 0.012336
1 1311 0.480114 0.502056 0.038740 0.053454
1 1337 0.450930 0.490543 0.010331 0.015625
1 1338 0.605630 0.532072 0.108988 0.129934
1 1345 0.268853 0.569490 0.221591 0.199836
1 1346 0.513688 0.500822 0.017045 0.029605
1 1348 0.505165 0.496711 0.012397 0.026316
1 1347 0.523760 0.505345 0.012397 0.037007
0 9349 0.726498 0.513980 0.009814 0.039474
0 9350 0.709711 0.511513 0.010331 0.041118
0 9348 0.735795 0.512336 0.008781 0.036184
0 9352 0.350207 0.487253 0.013430 0.033717
0 9353 0.056818 0.522204 0.052686 0.185855
