1 1348 0.516012 0.508224 0.020661 0.029605
1 1311 0.478048 0.509457 0.035640 0.048520
1 1338 0.856663 0.657072 0.284607 0.432566
1 1345 0.408058 0.516447 0.051653 0.060855
1 1346 0.537448 0.514803 0.030475 0.042763
1 1347 0.562242 0.527138 0.032541 0.062500
1 1349 0.762913 0.523849 0.088843 0.078947
1 1337 0.450930 0.501645 0.014463 0.018092
0 9356 0.154700 0.523026 0.035640 0.113487
0 9355 0.240702 0.527138 0.030992 0.098684
0 9358 0.347882 0.497944 0.010847 0.035362
0 9359 0.263430 0.508224 0.018595 0.078947
