1 1348 0.516529 0.502056 0.022727 0.033717
1 1311 0.474948 0.500411 0.036674 0.050164
1 1345 0.409866 0.507401 0.045971 0.054276
1 1346 0.539514 0.508224 0.037707 0.046053
1 1347 0.571281 0.523438 0.045455 0.064967
1 1349 0.913740 0.553043 0.171488 0.152138
1 1337 0.447056 0.495066 0.013946 0.016447
1 1350 0.501291 0.497533 0.016012 0.023026
0 9355 0.151860 0.539062 0.036157 0.140625
0 9358 0.330062 0.500822 0.020661 0.060855
0 9359 0.224174 0.502467 0.021694 0.088816
0 9360 0.824122 0.517681 0.010847 0.045230
0 9361 0.364411 0.484375 0.014979 0.032895
