1 1348 0.517562 0.502056 0.022727 0.033717
1 1311 0.474948 0.500411 0.036674 0.050164
1 1345 0.411674 0.504523 0.043388 0.051809
1 1346 0.542872 0.508635 0.036157 0.046875
1 1347 0.576963 0.524671 0.050620 0.072368
1 1337 0.446798 0.495066 0.015496 0.016447
1 1350 0.500775 0.497944 0.017045 0.022204
0 9355 0.073605 0.553865 0.047004 0.170230
0 9358 0.316632 0.504523 0.022727 0.063322
0 9359 0.204804 0.527961 0.033574 0.138158
0 9360 0.849432 0.523438 0.014979 0.063322
0 9361 0.357696 0.489720 0.016012 0.043586
0 9362 0.372159 0.486842 0.011880 0.027961
0 9363 0.885847 0.522204 0.015496 0.067434
0 9364 0.927169 0.525905 0.020661 0.066612
