1 1348 0.520661 0.505757 0.025826 0.032895
1 1311 0.474174 0.502878 0.037190 0.048520
1 1345 0.413481 0.506990 0.041839 0.050164
1 1346 0.544421 0.513158 0.039256 0.047697
1 1347 0.585744 0.527138 0.060950 0.078947
1 1337 0.447056 0.499178 0.013946 0.016447
1 1350 0.501808 0.501645 0.019112 0.023026
0 9358 0.300620 0.516447 0.021694 0.070724
0 9359 0.175878 0.512336 0.036674 0.110197
0 9365 0.928977 0.537418 0.017045 0.069901
0 9361 0.348399 0.494655 0.018079 0.050164
0 9362 0.367252 0.494655 0.012397 0.035362
0 9364 0.956353 0.534951 0.014979 0.073191
0 9366 0.976756 0.533306 0.024793 0.078125
0 9363 0.911157 0.532895 0.019628 0.074013
