1 1348 0.521694 0.508635 0.023760 0.035362
1 1311 0.474432 0.506168 0.037707 0.050164
1 1345 0.415548 0.508635 0.039773 0.050164
1 1346 0.548037 0.517270 0.039256 0.050987
1 1347 0.594783 0.531661 0.070764 0.078125
1 1337 0.446798 0.500822 0.013430 0.016447
1 1350 0.502841 0.503701 0.018079 0.022204
0 9358 0.280217 0.523849 0.025310 0.088816
0 9359 0.133006 0.519326 0.032541 0.124178
0 9361 0.341684 0.494655 0.021178 0.061678
0 9362 0.361829 0.495477 0.012913 0.037007
0 9365 0.972882 0.542763 0.021178 0.069079
