1 1348 0.523760 0.509868 0.024793 0.034539
1 1311 0.475207 0.506579 0.036157 0.050987
1 1345 0.417097 0.506579 0.037707 0.047697
1 1346 0.552169 0.518503 0.040289 0.051809
1 1347 0.603048 0.535362 0.080062 0.083882
1 1337 0.448347 0.502056 0.013430 0.017270
1 1350 0.504649 0.504934 0.018595 0.024671
0 9358 0.250258 0.527138 0.026343 0.092105
0 9367 0.090393 0.652138 0.174587 0.366776
0 9361 0.330320 0.498355 0.022211 0.059211
0 9362 0.357180 0.493832 0.011880 0.033717
0 9368 0.262138 0.510691 0.018079 0.077303
