1 1348 0.526085 0.511924 0.027376 0.033717
1 1311 0.475465 0.506168 0.036674 0.050164
1 1345 0.418388 0.506579 0.036157 0.046053
1 1346 0.554752 0.520559 0.040289 0.054276
1 1347 0.616219 0.540296 0.094008 0.092105
1 1337 0.450155 0.501645 0.013946 0.016447
1 1350 0.504649 0.504934 0.018595 0.024671
0 9369 0.028667 0.528783 0.041839 0.148026
0 9367 0.142304 0.625411 0.169938 0.318257
0 9368 0.231147 0.523438 0.024277 0.102796
0 9361 0.318957 0.503701 0.025310 0.074836
0 9358 0.208936 0.531250 0.023244 0.101974
0 9362 0.348657 0.498766 0.017562 0.040296
