1 1348 0.533058 0.512336 0.028926 0.032895
1 1311 0.476756 0.505757 0.037190 0.050987
1 1345 0.421488 0.504112 0.033058 0.042763
1 1346 0.565599 0.521382 0.046488 0.059211
1 1347 0.638171 0.548520 0.114153 0.108553
1 1337 0.454287 0.501234 0.011880 0.015625
1 1350 0.510589 0.502878 0.018079 0.023849
0 9370 0.070506 0.564967 0.059401 0.182566
0 9361 0.284866 0.489720 0.030475 0.056743
0 9362 0.327996 0.504523 0.018595 0.060033
0 9371 0.129649 0.530839 0.038223 0.138980
0 9367 0.239411 0.593339 0.113120 0.245888
