1 1348 0.550878 0.511513 0.040806 0.044408
1 1311 0.482180 0.507812 0.039773 0.053454
1 1345 0.428461 0.502467 0.031508 0.037829
1 1346 0.605114 0.534128 0.073864 0.084704
1 1347 0.761622 0.607319 0.247417 0.216283
1 1350 0.521952 0.506168 0.023244 0.030428
1 1351 0.678977 0.513980 0.044938 0.046053
1 1352 0.645661 0.508224 0.022727 0.034539
0 9372 0.038998 0.540707 0.054236 0.209704
0 9367 0.348140 0.552220 0.064050 0.157072
0 9373 0.217459 0.525493 0.029959 0.116776
0 9374 0.101756 0.535362 0.064050 0.162829
