1 1348 0.569215 0.514803 0.047521 0.055921
1 1311 0.488895 0.508635 0.044938 0.056743
1 1345 0.446281 0.502056 0.026860 0.033717
1 1346 0.660124 0.550987 0.112603 0.125000
1 1350 0.535640 0.504934 0.024793 0.031250
1 1352 0.737087 0.514391 0.061983 0.058388
1 1353 0.606921 0.507812 0.022727 0.022204
0 9367 0.380682 0.533306 0.045455 0.120888
0 9378 0.153151 0.484786 0.013946 0.046875
0 9379 0.840134 0.520559 0.009814 0.039474
0 9380 0.908833 0.524671 0.011880 0.050987
0 9381 0.831095 0.520970 0.008264 0.037007
