1 1348 0.572831 0.516447 0.050620 0.057566
1 1311 0.490702 0.509868 0.045455 0.059211
1 1345 0.449897 0.503289 0.026860 0.031250
1 1346 0.674070 0.558388 0.121901 0.138158
1 1350 0.539514 0.506990 0.026343 0.032072
1 1352 0.769370 0.522615 0.074897 0.061678
1 1353 0.618802 0.509868 0.025826 0.023026
0 9367 0.386622 0.532072 0.039773 0.116776
0 9378 0.135331 0.484786 0.014463 0.055099
0 9381 0.855372 0.524671 0.011364 0.041118
0 9380 0.940599 0.528372 0.012397 0.051809
0 9379 0.825930 0.519737 0.009298 0.037829
