1 1348 0.647211 0.538240 0.102273 0.101151
1 1311 0.503616 0.528783 0.088843 0.118421
1 1346 0.896952 0.681332 0.208161 0.336349
1 1350 0.585486 0.511924 0.042872 0.051809
1 1357 0.862345 0.538240 0.146178 0.109375
1 1359 0.711260 0.509046 0.047521 0.062500
0 9385 0.178461 0.476151 0.014979 0.060855
0 9396 0.237862 0.475740 0.007748 0.038651
0 9391 0.271178 0.496711 0.017562 0.077303
0 9397 0.253874 0.475740 0.010847 0.043586
0 9393 0.162965 0.475740 0.012913 0.051809
0 9398 0.076188 0.476562 0.017045 0.066612
