1 1348 0.658833 0.542763 0.115186 0.110197
1 1311 0.505424 0.528783 0.087293 0.116776
1 1346 0.911932 0.688734 0.178202 0.351151
1 1350 0.588843 0.511102 0.043388 0.056743
1 1359 0.834452 0.529605 0.098657 0.097039
0 9403 0.100465 0.472039 0.020145 0.080592
0 9391 0.188017 0.498355 0.028926 0.103618
0 9404 0.257231 0.474507 0.021694 0.052632
0 9405 0.211002 0.469161 0.009814 0.043586
0 9402 0.234504 0.469984 0.010331 0.041941
0 9406 0.224948 0.468750 0.007748 0.044408
0 9400 0.292355 0.478207 0.015496 0.045230
0 9407 0.314050 0.481497 0.014463 0.043586
0 9408 0.304494 0.478207 0.014979 0.041941
