1 1348 0.660899 0.547697 0.119318 0.120066
1 1311 0.505940 0.530428 0.088326 0.120066
1 1346 0.916322 0.684622 0.169421 0.342928
1 1350 0.592200 0.516036 0.047004 0.056743
1 1359 0.892045 0.534951 0.123967 0.101151
1 1360 0.739153 0.512747 0.056818 0.053454
0 9403 0.074122 0.480263 0.033574 0.082237
0 9391 0.157283 0.509457 0.030475 0.117599
0 9404 0.250517 0.481497 0.018595 0.055099
0 9405 0.203771 0.476562 0.009814 0.043586
0 9402 0.227789 0.479030 0.010331 0.043586
0 9406 0.217459 0.474918 0.009298 0.046875
0 9400 0.286157 0.486431 0.012397 0.046875
0 9407 0.311725 0.487664 0.012913 0.044408
0 9408 0.300103 0.484786 0.011364 0.043586
