1 1348 0.664514 0.547697 0.121384 0.120066
1 1311 0.507490 0.533306 0.087293 0.120888
1 1346 0.921746 0.690378 0.158574 0.354441
1 1350 0.592200 0.516859 0.051136 0.058388
1 1359 0.947572 0.534951 0.106921 0.115954
1 1360 0.756973 0.512336 0.063533 0.060855
0 9403 0.046229 0.486842 0.023244 0.085526
0 9391 0.118802 0.515625 0.036157 0.125000
0 9404 0.247417 0.482319 0.018595 0.050164
0 9405 0.195764 0.479852 0.009298 0.046875
0 9402 0.222107 0.480263 0.009298 0.046053
0 9406 0.210744 0.478618 0.009298 0.046053
0 9400 0.281508 0.487253 0.017562 0.048520
0 9407 0.304236 0.491365 0.012397 0.045230
0 9408 0.295713 0.486020 0.012913 0.042763
0 9409 0.833936 0.513980 0.070764 0.037829
