1 1348 0.666064 0.551398 0.124483 0.127467
1 1311 0.507490 0.533306 0.087293 0.120888
1 1346 0.921746 0.690378 0.158574 0.354441
1 1350 0.592200 0.516859 0.051136 0.058388
1 1360 0.779959 0.517681 0.073347 0.069901
0 9403 0.010847 0.484786 0.021694 0.094572
0 9391 0.074380 0.520970 0.040289 0.140625
0 9410 0.227789 0.479441 0.009298 0.047697
0 9405 0.187500 0.478618 0.010331 0.047697
0 9402 0.215393 0.481086 0.009298 0.046053
0 9406 0.202221 0.478618 0.007748 0.046053
0 9411 0.145919 0.475329 0.011880 0.047697
0 9408 0.289514 0.488487 0.009814 0.046053
0 9400 0.275310 0.488898 0.012397 0.043586
0 9409 0.908058 0.515625 0.152893 0.041118
