1 1348 0.668905 0.552220 0.125000 0.129112
1 1311 0.507490 0.533306 0.087293 0.120888
1 1346 0.934401 0.689967 0.133264 0.353618
1 1350 0.592717 0.520559 0.048037 0.060855
1 1360 0.807593 0.517270 0.082128 0.082237
0 9391 0.020661 0.518914 0.041322 0.159539
0 9402 0.209969 0.478207 0.009814 0.048520
0 9412 0.100723 0.477385 0.013430 0.066612
0 9406 0.195764 0.475740 0.010331 0.048520
0 9405 0.179236 0.477796 0.011364 0.047697
0 9411 0.135331 0.472862 0.013430 0.047697
0 9400 0.273244 0.487664 0.017562 0.049342
0 9413 0.232180 0.483141 0.020145 0.056743
0 9409 0.924070 0.516447 0.152893 0.041118
