1 1348 0.673295 0.551809 0.133781 0.128289
1 1311 0.505940 0.533717 0.089360 0.120066
1 1346 0.939566 0.685033 0.122934 0.343750
1 1350 0.593233 0.515625 0.050103 0.059211
1 1360 0.840651 0.514391 0.100723 0.083059
0 9402 0.205579 0.475329 0.013430 0.050987
0 9412 0.089101 0.476974 0.022211 0.065789
0 9406 0.187758 0.475740 0.012913 0.050164
0 9405 0.170455 0.474918 0.012397 0.050164
0 9411 0.126808 0.472862 0.011880 0.050987
0 9414 0.245093 0.479852 0.009814 0.040296
0 9413 0.224948 0.480674 0.021178 0.058388
0 9409 0.942924 0.514803 0.116219 0.042763
0 9415 0.754649 0.506990 0.071281 0.028783
0 9416 0.144370 0.474918 0.014979 0.048520
0 9400 0.267820 0.485609 0.017045 0.053454
0 9417 0.292614 0.488076 0.013946 0.050164
