1 1348 0.676911 0.550987 0.133781 0.128289
1 1311 0.505940 0.533717 0.089360 0.120066
1 1350 0.594525 0.514391 0.047521 0.056743
1 1360 0.884556 0.516036 0.122417 0.107730
1 1361 0.129132 0.638158 0.222107 0.363487
0 9413 0.218750 0.478618 0.022211 0.057566
0 9402 0.193182 0.474095 0.013430 0.053454
0 9406 0.179494 0.472451 0.011880 0.050164
0 9414 0.241994 0.479030 0.009814 0.040296
0 9409 0.972882 0.513980 0.056302 0.044408
0 9415 0.768079 0.509046 0.098140 0.032895
0 9405 0.160640 0.472039 0.013430 0.049342
0 9400 0.262138 0.482730 0.019112 0.052632
0 9417 0.287707 0.487253 0.013430 0.048520
