1 1348 0.687242 0.551809 0.147211 0.138158
1 1311 0.506457 0.521793 0.090393 0.119243
1 1350 0.594525 0.514391 0.047521 0.056743
1 1361 0.257748 0.554688 0.221074 0.186678
0 9415 0.829287 0.511513 0.124483 0.039474
0 9421 0.934401 0.530428 0.021694 0.067434
0 9422 0.046746 0.471628 0.021178 0.073191
0 9423 0.087552 0.462171 0.012913 0.060855
0 9424 0.104339 0.460115 0.010331 0.050164
0 9425 0.134039 0.465872 0.009814 0.056743
0 9426 0.153151 0.468339 0.018079 0.061678
0 9427 0.121384 0.468339 0.014463 0.046875
0 9428 0.071023 0.456414 0.016012 0.047697
