1 1348 0.691890 0.554688 0.146178 0.143914
1 1311 0.506973 0.524671 0.091426 0.125000
1 1350 0.601756 0.517270 0.054752 0.060855
1 1361 0.303719 0.541118 0.170455 0.159539
0 9429 0.840393 0.512336 0.121901 0.039474
0 9430 0.975723 0.533717 0.024793 0.072368
0 9422 0.035640 0.472451 0.024793 0.074836
0 9425 0.125000 0.470806 0.010331 0.060033
0 9426 0.137397 0.468750 0.013430 0.064145
0 9431 0.179236 0.472451 0.012397 0.053454
0 9432 0.194473 0.475740 0.018079 0.071546
0 9433 0.150826 0.467928 0.012397 0.057566
0 9423 0.077996 0.465461 0.015496 0.054276
0 9424 0.098915 0.461760 0.013946 0.048520
