1 1348 0.696539 0.556743 0.150310 0.144737
1 1311 0.507490 0.524671 0.092459 0.125000
1 1350 0.601498 0.517270 0.053202 0.057566
1 1361 0.336777 0.532895 0.135331 0.134868
1 1362 0.778409 0.519737 0.056818 0.046053
0 9429 0.842717 0.512747 0.088326 0.037007
0 9422 0.024535 0.473273 0.025310 0.078125
0 9433 0.139205 0.469161 0.018079 0.056743
0 9431 0.174070 0.471217 0.013430 0.054276
0 9434 0.252324 0.479030 0.017045 0.051809
0 9435 0.235279 0.482730 0.020145 0.057566
0 9432 0.190083 0.476974 0.018595 0.070724
0 9424 0.092459 0.463816 0.013430 0.052632
0 9426 0.123709 0.468750 0.020145 0.067434
0 9436 0.905217 0.519326 0.010847 0.038651
0 9437 0.972107 0.525905 0.051653 0.055099
0 9423 0.066890 0.465872 0.012913 0.056743
