1 1348 0.702479 0.562089 0.159091 0.148849
1 1311 0.508006 0.531250 0.091426 0.123355
1 1350 0.601756 0.521382 0.049587 0.064145
1 1361 0.360021 0.524671 0.112603 0.113487
1 1362 0.796746 0.524260 0.073864 0.053454
0 9429 0.851498 0.517681 0.076963 0.043586
0 9438 0.016012 0.471628 0.023760 0.073191
0 9433 0.129907 0.469572 0.019112 0.060855
0 9431 0.170455 0.471217 0.013430 0.054276
0 9434 0.247159 0.482319 0.014979 0.058388
0 9435 0.227789 0.483141 0.021694 0.058388
0 9432 0.185176 0.477796 0.014979 0.074013
0 9424 0.086002 0.463816 0.010847 0.052632
0 9426 0.103306 0.467105 0.018595 0.072368
0 9436 0.917355 0.520559 0.011364 0.037829
0 9437 0.982438 0.533717 0.037190 0.057566
0 9423 0.056043 0.462993 0.013946 0.060855
0 9439 0.261622 0.485609 0.018079 0.051809
0 9440 0.282541 0.478618 0.008264 0.042763
