1 1348 0.705320 0.563322 0.158574 0.151316
1 1311 0.508523 0.530428 0.092459 0.121711
1 1350 0.604339 0.520970 0.054752 0.063322
1 1361 0.377583 0.518503 0.098140 0.104441
1 1362 0.825413 0.530839 0.084711 0.063322
0 9441 0.878357 0.522615 0.009814 0.032072
0 9423 0.044163 0.462582 0.014979 0.061678
0 9433 0.121126 0.467928 0.020145 0.060855
0 9431 0.164256 0.470395 0.013430 0.054276
0 9434 0.239411 0.481497 0.013946 0.061678
0 9435 0.221333 0.482730 0.025310 0.057566
0 9432 0.182076 0.469984 0.016012 0.060033
0 9426 0.081353 0.469161 0.021178 0.076480
0 9442 0.100465 0.467516 0.013946 0.061678
0 9436 0.930010 0.524671 0.013946 0.044408
0 9443 0.058884 0.461349 0.013430 0.055921
0 9439 0.256973 0.486020 0.014979 0.054276
0 9440 0.281508 0.479030 0.012397 0.045230
