1 1348 0.711002 0.564556 0.165806 0.153783
1 1311 0.508523 0.530428 0.092459 0.121711
1 1350 0.605372 0.520148 0.053719 0.061678
1 1361 0.391787 0.511513 0.083161 0.095395
1 1362 0.861829 0.533717 0.093492 0.065789
0 9423 0.032541 0.465461 0.013430 0.064145
0 9433 0.112345 0.467516 0.024277 0.063322
0 9431 0.160899 0.479441 0.018079 0.069079
0 9434 0.233471 0.479030 0.015496 0.063322
0 9435 0.214618 0.482730 0.024277 0.060855
0 9432 0.175103 0.470395 0.015496 0.060855
0 9426 0.063017 0.471217 0.021694 0.078947
0 9442 0.086519 0.468339 0.012913 0.064967
0 9436 0.941116 0.521793 0.016529 0.046875
0 9443 0.043130 0.458882 0.014979 0.052632
0 9439 0.248450 0.487253 0.020661 0.058388
0 9440 0.277118 0.479030 0.011880 0.045230
