1 1348 0.714876 0.565789 0.173554 0.154605
1 1311 0.508781 0.531250 0.092975 0.123355
1 1350 0.606405 0.519326 0.056818 0.060033
1 1361 0.403926 0.510280 0.075413 0.084704
1 1362 0.907283 0.539885 0.105888 0.073191
0 9423 0.019628 0.463405 0.016529 0.064967
0 9433 0.106663 0.468339 0.018079 0.066612
0 9432 0.160899 0.480674 0.023244 0.076480
0 9434 0.224690 0.481497 0.015496 0.063322
0 9435 0.207645 0.483964 0.020661 0.060033
0 9444 0.188791 0.469984 0.010847 0.033717
0 9442 0.064308 0.466694 0.016012 0.053454
0 9445 0.088068 0.474095 0.022211 0.055099
0 9436 0.954029 0.518914 0.011364 0.044408
0 9426 0.039773 0.471217 0.019628 0.080592
0 9439 0.244318 0.488487 0.018595 0.060855
0 9440 0.276085 0.479030 0.011880 0.045230
