1 1348 0.719267 0.570724 0.174070 0.161184
1 1311 0.508781 0.531250 0.092975 0.123355
1 1350 0.608213 0.521793 0.058368 0.068257
1 1361 0.413481 0.509868 0.066632 0.074013
1 1362 0.951446 0.548520 0.099174 0.078947
0 9426 0.014463 0.470806 0.026860 0.087993
0 9433 0.091942 0.470806 0.028926 0.069901
0 9432 0.150310 0.481086 0.021694 0.074013
0 9434 0.219525 0.481908 0.018595 0.064145
0 9435 0.200155 0.486842 0.019112 0.059211
0 9444 0.182076 0.471628 0.008781 0.033717
0 9446 0.063017 0.470806 0.015496 0.058388
0 9447 0.035640 0.463405 0.013430 0.056743
0 9439 0.237862 0.488487 0.022211 0.060855
0 9440 0.272986 0.480674 0.010847 0.048520
