1 1348 0.724948 0.572368 0.181302 0.162829
1 1311 0.509556 0.532895 0.094525 0.126645
1 1350 0.611312 0.523438 0.062500 0.069901
1 1361 0.421488 0.510280 0.061983 0.069901
0 9447 0.024535 0.464638 0.022211 0.057566
0 9433 0.084969 0.467928 0.020145 0.069079
0 9432 0.145403 0.479852 0.026343 0.081414
0 9434 0.212035 0.481908 0.018079 0.067434
0 9435 0.191374 0.483553 0.022211 0.062500
0 9448 0.176911 0.476151 0.009814 0.052632
0 9446 0.052428 0.468339 0.014979 0.061678
0 9439 0.235021 0.489720 0.017562 0.063322
0 9440 0.269886 0.481086 0.012913 0.047697
