1 1348 0.728306 0.576480 0.188017 0.171053
1 1311 0.509556 0.532895 0.094525 0.126645
1 1350 0.610279 0.523438 0.062500 0.069901
1 1361 0.430269 0.511102 0.056818 0.071546
1 1363 0.650568 0.502056 0.023244 0.025493
0 9447 0.017045 0.465049 0.016529 0.056743
0 9433 0.073089 0.469161 0.023244 0.071546
0 9432 0.139205 0.479852 0.026343 0.081414
0 9434 0.203254 0.482319 0.012913 0.066612
0 9435 0.183110 0.484786 0.018079 0.064967
0 9448 0.164773 0.476974 0.017562 0.055921
0 9446 0.038998 0.469161 0.018079 0.066612
0 9439 0.226756 0.488487 0.017562 0.060855
0 9440 0.269886 0.481086 0.012913 0.047697
