1 1348 0.732696 0.572780 0.188533 0.160362
1 1311 0.511105 0.533306 0.091426 0.127467
1 1350 0.610279 0.523438 0.062500 0.069901
1 1361 0.435692 0.505345 0.053202 0.061678
1 1363 0.655217 0.500822 0.018079 0.026316
0 9447 0.007490 0.464638 0.016012 0.060855
0 9433 0.057335 0.469984 0.026860 0.074836
0 9432 0.131457 0.480674 0.030475 0.084704
0 9434 0.199122 0.481497 0.017045 0.069901
0 9435 0.173295 0.487253 0.023244 0.073191
0 9448 0.156250 0.476151 0.014979 0.059211
0 9446 0.024277 0.470806 0.016529 0.066612
0 9439 0.219525 0.488487 0.023760 0.064145
0 9440 0.270145 0.481908 0.013430 0.049342
