1 1348 0.736054 0.575247 0.190083 0.162007
1 1311 0.511105 0.533306 0.091426 0.127467
1 1350 0.614928 0.522204 0.064566 0.069079
1 1361 0.442149 0.504523 0.046488 0.060033
1 1363 0.661415 0.500822 0.022211 0.026316
0 9446 0.009039 0.469572 0.012913 0.065789
0 9433 0.053977 0.468750 0.032541 0.077303
0 9432 0.127324 0.480263 0.033574 0.088816
0 9434 0.193440 0.481086 0.023244 0.070724
0 9435 0.168388 0.483553 0.022727 0.069079
0 9449 0.025052 0.470806 0.017045 0.066612
0 9439 0.216942 0.488076 0.016529 0.066612
0 9440 0.266271 0.482319 0.013946 0.050164
