1 1348 0.740702 0.575247 0.196281 0.165296
1 1311 0.511105 0.533306 0.091426 0.127467
1 1350 0.616736 0.522204 0.065083 0.069079
1 1361 0.449380 0.501645 0.041322 0.049342
1 1363 0.666839 0.500822 0.022727 0.027961
0 9449 0.007748 0.456826 0.011364 0.053454
0 9450 0.056043 0.467928 0.021178 0.055921
0 9432 0.119835 0.480263 0.032025 0.090461
0 9434 0.188275 0.481086 0.023244 0.070724
0 9435 0.160899 0.481497 0.028409 0.068257
0 9433 0.029959 0.466283 0.027893 0.078947
0 9439 0.209711 0.485197 0.018595 0.067434
0 9440 0.266529 0.477796 0.013430 0.046053
0 9451 0.241219 0.472039 0.007231 0.029605
0 9452 0.367252 0.490954 0.012397 0.062500
