1 1348 0.744576 0.574836 0.206095 0.164474
1 1311 0.511105 0.533306 0.091426 0.127467
1 1350 0.616736 0.522204 0.065083 0.069079
1 1361 0.452221 0.501645 0.038740 0.049342
1 1363 0.674070 0.500000 0.021694 0.029605
0 9450 0.049845 0.469984 0.022211 0.055099
0 9432 0.112087 0.477796 0.028926 0.097039
0 9434 0.181818 0.479030 0.024793 0.073191
0 9435 0.156250 0.479030 0.023244 0.069901
0 9433 0.017304 0.465461 0.021178 0.085526
0 9439 0.204287 0.485197 0.018079 0.069079
0 9440 0.264463 0.481497 0.015496 0.051809
0 9451 0.237603 0.470806 0.011364 0.030428
0 9452 0.364411 0.490543 0.014979 0.060033
