1 1348 0.744576 0.574836 0.206095 0.164474
1 1311 0.512397 0.534951 0.094008 0.130757
1 1350 0.618543 0.521382 0.067665 0.069079
1 1361 0.456612 0.500411 0.033058 0.050164
0 9450 0.044680 0.466283 0.022211 0.057566
0 9432 0.106663 0.478207 0.028409 0.096217
0 9435 0.150568 0.477796 0.024277 0.074013
0 9453 0.128874 0.469572 0.016012 0.064145
0 9433 0.008523 0.466694 0.014979 0.079770
0 9434 0.171746 0.478618 0.027376 0.074013
0 9440 0.263171 0.480674 0.016012 0.051809
0 9451 0.232180 0.470806 0.011880 0.033717
0 9452 0.359762 0.490543 0.012913 0.061678
0 9439 0.196023 0.484375 0.025310 0.067434
