1 1348 0.751033 0.576891 0.205579 0.181743
1 1311 0.512138 0.534539 0.093492 0.129934
1 1350 0.620610 0.521793 0.070764 0.069901
1 1361 0.461260 0.495888 0.029959 0.042763
1 1364 0.652118 0.500822 0.026343 0.034539
0 9450 0.038481 0.470395 0.020145 0.059211
0 9454 0.081095 0.471628 0.019628 0.069901
0 9435 0.143079 0.480263 0.021694 0.074013
0 9432 0.100207 0.480674 0.027893 0.096217
0 9434 0.165548 0.479441 0.018079 0.075658
0 9440 0.264721 0.481908 0.012913 0.054276
0 9451 0.228564 0.472039 0.011880 0.034539
0 9452 0.356921 0.488487 0.014463 0.059211
0 9439 0.193440 0.487664 0.021178 0.074013
