1 1348 0.754907 0.580181 0.213326 0.188322
1 1311 0.512138 0.534539 0.093492 0.129934
1 1350 0.622676 0.521793 0.070764 0.069901
1 1361 0.464101 0.496711 0.024277 0.041118
1 1364 0.660124 0.500822 0.028926 0.034539
0 9450 0.032541 0.476151 0.020661 0.060855
0 9454 0.066116 0.473684 0.022727 0.078947
0 9435 0.137138 0.483141 0.022211 0.076480
0 9432 0.094525 0.481497 0.029959 0.097862
0 9434 0.159866 0.483553 0.024277 0.078947
0 9440 0.262655 0.484786 0.013946 0.056743
0 9451 0.222624 0.473684 0.009298 0.034539
0 9452 0.352273 0.492599 0.012397 0.065789
0 9439 0.190341 0.490543 0.020145 0.078125
