1 1348 0.761880 0.585115 0.221074 0.191612
1 1311 0.513171 0.534951 0.095558 0.130757
1 1350 0.622676 0.522615 0.070764 0.069901
1 1361 0.466167 0.499178 0.024277 0.041118
1 1364 0.667355 0.505757 0.032025 0.037829
0 9450 0.027893 0.470395 0.020661 0.060855
0 9454 0.049587 0.472862 0.016529 0.077303
0 9435 0.131457 0.483141 0.021178 0.078125
0 9432 0.087293 0.482730 0.025826 0.098684
0 9434 0.153667 0.484375 0.024277 0.080592
0 9440 0.260589 0.483553 0.011880 0.057566
0 9451 0.216684 0.472862 0.011880 0.032895
0 9452 0.349690 0.496711 0.017562 0.069079
0 9439 0.184917 0.489720 0.019628 0.078125
