1 1348 0.767304 0.586760 0.225723 0.199836
1 1311 0.513171 0.534951 0.095558 0.130757
1 1350 0.622676 0.528372 0.070764 0.069901
1 1361 0.467459 0.497944 0.021694 0.043586
1 1364 0.677686 0.507812 0.037190 0.041941
0 9454 0.030217 0.474507 0.024277 0.072368
0 9435 0.121384 0.484786 0.023760 0.079770
0 9432 0.082645 0.482730 0.029959 0.097039
0 9434 0.149535 0.482730 0.028409 0.077303
0 9440 0.260589 0.483553 0.011880 0.057566
0 9451 0.211519 0.471628 0.009814 0.032072
0 9452 0.346849 0.494655 0.017045 0.064967
0 9439 0.180269 0.491365 0.019628 0.078125
