1 1348 0.770145 0.592928 0.231405 0.212171
1 1311 0.514721 0.538651 0.098657 0.138158
1 1350 0.627324 0.530839 0.076963 0.069901
1 1361 0.469783 0.499589 0.017045 0.040296
1 1364 0.686209 0.505345 0.037707 0.038651
0 9454 0.013688 0.471628 0.028409 0.084704
0 9435 0.115702 0.483553 0.022727 0.078947
0 9432 0.076963 0.480674 0.029959 0.097862
0 9434 0.145145 0.486020 0.029959 0.080592
0 9440 0.259814 0.488076 0.017562 0.061678
0 9451 0.205837 0.474507 0.007748 0.034539
0 9452 0.341684 0.495066 0.016012 0.070724
0 9439 0.172779 0.488076 0.020145 0.076480
