1 1348 0.775052 0.589638 0.241219 0.205592
1 1311 0.514721 0.538651 0.098657 0.138158
1 1350 0.627324 0.530839 0.076963 0.069901
1 1364 0.697572 0.502878 0.043905 0.037007
1 1365 0.666581 0.513158 0.032541 0.036184
0 9454 0.011622 0.469161 0.023244 0.073191
0 9435 0.110795 0.483141 0.017045 0.076480
0 9432 0.072056 0.483141 0.033574 0.099507
0 9434 0.132490 0.485197 0.024277 0.078947
0 9440 0.259298 0.485609 0.016529 0.056743
0 9455 0.188275 0.471217 0.009814 0.032895
0 9452 0.341426 0.495066 0.016529 0.070724
0 9439 0.169163 0.489309 0.020145 0.077303
0 9456 0.949380 0.523849 0.017562 0.041118
0 9457 0.934143 0.523438 0.014979 0.040296
0 9458 0.911157 0.522204 0.016529 0.041118
