1 1348 0.781508 0.592928 0.245868 0.205592
1 1311 0.513430 0.541118 0.105372 0.139803
1 1350 0.627324 0.530016 0.076963 0.069901
1 1365 0.675878 0.513569 0.039773 0.041941
0 9454 0.009814 0.471217 0.019628 0.070724
0 9459 0.089101 0.476562 0.012913 0.058388
0 9432 0.066374 0.484786 0.032541 0.104441
0 9435 0.105630 0.481086 0.023244 0.077303
0 9440 0.259298 0.485609 0.016529 0.056743
0 9460 0.143337 0.467928 0.010847 0.034539
0 9452 0.336002 0.497122 0.018079 0.073191
0 9434 0.126291 0.479030 0.019112 0.078125
0 9456 0.957128 0.528372 0.018595 0.045230
0 9457 0.939824 0.525493 0.013946 0.042763
0 9458 0.908058 0.523026 0.014463 0.041118
0 9461 0.895145 0.524671 0.009298 0.041118
0 9462 0.884556 0.521793 0.010847 0.038651
0 9439 0.166839 0.491365 0.023760 0.078125
0 9463 0.194215 0.472039 0.011364 0.039474
