1 1348 0.787965 0.594984 0.251550 0.208059
1 1311 0.513688 0.540296 0.105888 0.138158
1 1350 0.630682 0.533306 0.079545 0.076480
1 1365 0.677944 0.516447 0.040806 0.046053
0 9454 0.008523 0.469572 0.017045 0.067434
0 9459 0.081353 0.473684 0.008781 0.054276
0 9432 0.060176 0.483141 0.029442 0.102796
0 9435 0.099432 0.482730 0.021178 0.078947
0 9440 0.256198 0.484786 0.012397 0.055099
0 9452 0.331353 0.497533 0.016012 0.075658
0 9434 0.128099 0.483141 0.035124 0.084704
0 9456 0.965393 0.528783 0.019628 0.049342
0 9457 0.948089 0.525905 0.016012 0.045230
0 9464 0.929752 0.524671 0.010331 0.039474
0 9465 0.919938 0.524671 0.009298 0.037829
0 9462 0.885072 0.519326 0.009814 0.033717
0 9439 0.162448 0.489720 0.022211 0.081414
