1 1348 0.794938 0.599507 0.265496 0.217105
1 1311 0.513688 0.540296 0.105888 0.138158
1 1350 0.633006 0.532895 0.081095 0.078947
1 1365 0.682593 0.516447 0.044938 0.044408
0 9432 0.054236 0.483964 0.037190 0.102796
0 9435 0.093750 0.483964 0.025310 0.081414
0 9440 0.256198 0.484786 0.012397 0.055099
0 9452 0.330320 0.495888 0.013946 0.072368
0 9434 0.123967 0.483964 0.038223 0.084704
0 9456 0.971591 0.526727 0.019628 0.045230
0 9457 0.954804 0.525493 0.013946 0.044408
0 9464 0.935950 0.520148 0.010331 0.037007
0 9465 0.925878 0.526316 0.007748 0.036184
0 9462 0.885072 0.514803 0.009814 0.032895
0 9439 0.159349 0.488898 0.023244 0.078125
