1 1348 0.803719 0.599507 0.272727 0.215461
1 1311 0.513688 0.545230 0.113120 0.157895
1 1350 0.634556 0.533306 0.085227 0.083059
1 1365 0.692924 0.521382 0.048037 0.046053
0 9432 0.045196 0.484375 0.039773 0.105263
0 9435 0.088326 0.484786 0.028926 0.084704
0 9440 0.256715 0.485197 0.013430 0.055921
0 9452 0.326446 0.496299 0.016529 0.078125
0 9434 0.122934 0.484375 0.036157 0.085526
0 9466 0.979597 0.527961 0.021178 0.046053
0 9467 0.962810 0.526727 0.014463 0.048520
0 9464 0.942924 0.523026 0.009814 0.037829
0 9465 0.933626 0.526727 0.007748 0.037007
0 9462 0.885072 0.514803 0.008781 0.027961
0 9439 0.156250 0.490132 0.025310 0.080592
