1 1348 0.807851 0.606086 0.280992 0.228618
1 1311 0.513946 0.550576 0.116736 0.162007
1 1350 0.637655 0.536595 0.085227 0.083059
0 9432 0.044163 0.483141 0.037707 0.102796
0 9435 0.084452 0.486020 0.032541 0.088816
0 9440 0.254907 0.483141 0.011880 0.058388
0 9452 0.324122 0.497944 0.019112 0.083059
0 9434 0.119060 0.485609 0.034607 0.087993
0 9466 0.987087 0.531661 0.020661 0.046875
0 9467 0.967975 0.527961 0.016529 0.049342
0 9468 0.946281 0.523026 0.013430 0.036184
0 9469 0.919938 0.525082 0.010331 0.037007
0 9470 0.904184 0.519326 0.009814 0.030428
0 9439 0.154700 0.488898 0.025310 0.079770
