1 1348 0.814308 0.605674 0.293905 0.227796
1 1311 0.513946 0.550576 0.116736 0.162007
1 1350 0.640496 0.538240 0.086777 0.087993
0 9432 0.036932 0.484375 0.042872 0.106908
0 9435 0.082645 0.486431 0.028926 0.089638
0 9440 0.255682 0.483964 0.012397 0.061678
0 9452 0.319215 0.496299 0.017562 0.079770
0 9434 0.115961 0.487664 0.039773 0.085526
0 9466 0.990444 0.530839 0.013946 0.048520
0 9467 0.974690 0.528372 0.016529 0.050164
0 9468 0.952479 0.525082 0.010331 0.037007
0 9471 0.944731 0.527549 0.007231 0.037007
0 9469 0.925878 0.516036 0.011880 0.023849
0 9439 0.152376 0.491776 0.025826 0.082237
0 9472 0.220816 0.479852 0.011880 0.048520
0 9473 0.236829 0.479441 0.012913 0.044408
