1 1348 0.818440 0.608141 0.302169 0.232730
1 1311 0.514205 0.554276 0.126550 0.174342
1 1350 0.640496 0.538240 0.086777 0.087993
1 1366 0.930527 0.554688 0.135847 0.125822
0 9432 0.036932 0.484375 0.042872 0.106908
0 9435 0.077996 0.486842 0.028926 0.092105
0 9440 0.253616 0.487664 0.013430 0.059211
0 9452 0.317407 0.497944 0.017045 0.083059
0 9434 0.114153 0.486431 0.039256 0.089638
0 9439 0.150310 0.491365 0.024793 0.083059
0 9472 0.215909 0.479852 0.012397 0.048520
0 9473 0.230630 0.482730 0.012913 0.044408
