1 1348 0.825930 0.617599 0.301653 0.243421
1 1311 0.515496 0.555510 0.129132 0.176809
1 1350 0.640496 0.538240 0.086777 0.087993
1 1366 0.959194 0.553865 0.078512 0.127467
0 9432 0.037448 0.486842 0.037707 0.108553
0 9435 0.075155 0.487664 0.029442 0.092105
0 9440 0.253874 0.486842 0.013946 0.057566
0 9452 0.316632 0.498355 0.023760 0.087171
0 9434 0.111570 0.489309 0.040289 0.095395
0 9439 0.150310 0.491365 0.024793 0.083059
0 9472 0.212293 0.479852 0.012397 0.048520
0 9473 0.225465 0.481086 0.012913 0.044408
