1 1348 0.831612 0.618421 0.313017 0.245066
1 1311 0.516271 0.558799 0.130682 0.183388
1 1350 0.644886 0.541118 0.091426 0.092105
1 1367 0.957903 0.547697 0.083161 0.108553
0 9432 0.038740 0.486431 0.040289 0.107730
0 9435 0.075155 0.487664 0.029442 0.092105
0 9440 0.254649 0.485197 0.017562 0.059211
0 9452 0.312758 0.500411 0.023244 0.081414
0 9434 0.112345 0.487253 0.041839 0.091283
0 9439 0.150310 0.491365 0.024793 0.083059
0 9472 0.208678 0.478207 0.012397 0.048520
0 9473 0.222624 0.480263 0.012397 0.044408
