1 1348 0.834711 0.618010 0.319215 0.244243
1 1311 0.514463 0.558799 0.137397 0.185033
1 1350 0.644886 0.541118 0.091426 0.092105
0 9432 0.033316 0.483553 0.044938 0.106908
0 9435 0.075155 0.487664 0.029442 0.092105
0 9440 0.253357 0.488076 0.017045 0.056743
0 9452 0.310692 0.499178 0.021178 0.087171
0 9434 0.112345 0.487253 0.041839 0.091283
0 9439 0.147727 0.490954 0.021694 0.082237
0 9472 0.202221 0.480263 0.011880 0.049342
0 9473 0.217459 0.479030 0.011364 0.045230
0 9474 0.354597 0.491776 0.010847 0.047697
0 9475 0.368027 0.489720 0.012913 0.041941
0 9476 0.168130 0.483964 0.011880 0.060033
