1 1348 0.837293 0.620066 0.324380 0.248355
1 1311 0.514721 0.561266 0.137913 0.189967
1 1350 0.647986 0.542352 0.092459 0.094572
0 9432 0.034349 0.483964 0.047004 0.107730
0 9435 0.072831 0.488076 0.024793 0.092928
0 9440 0.255940 0.488076 0.017045 0.056743
0 9452 0.309401 0.498355 0.021694 0.087171
0 9434 0.112862 0.489309 0.041839 0.095395
0 9439 0.147727 0.490954 0.021694 0.082237
0 9472 0.200930 0.480263 0.011364 0.049342
0 9473 0.213843 0.479441 0.012397 0.046053
0 9474 0.345816 0.491776 0.010847 0.047697
0 9475 0.363120 0.489720 0.010331 0.040296
0 9476 0.169421 0.483141 0.011364 0.060033
