1 1348 0.837293 0.620066 0.324380 0.248355
1 1311 0.515238 0.563734 0.138946 0.194901
1 1350 0.647986 0.542352 0.092459 0.094572
0 9432 0.041839 0.485609 0.039256 0.107730
0 9435 0.072831 0.488076 0.024793 0.092928
0 9440 0.255940 0.488076 0.017045 0.056743
0 9452 0.309401 0.498355 0.021694 0.087171
0 9434 0.114411 0.488076 0.044938 0.092928
0 9439 0.150052 0.490954 0.022211 0.082237
0 9472 0.196539 0.480263 0.011880 0.049342
0 9473 0.209711 0.479030 0.012397 0.045230
0 9474 0.338068 0.490543 0.010847 0.046875
0 9475 0.358213 0.491365 0.010847 0.040296
0 9476 0.172521 0.483141 0.011364 0.060033
