1 1348 0.837293 0.620066 0.324380 0.248355
1 1311 0.515238 0.563734 0.138946 0.194901
1 1350 0.647986 0.542352 0.092459 0.094572
0 9432 0.044163 0.487253 0.035640 0.104441
0 9435 0.075413 0.488076 0.024793 0.092928
0 9440 0.255940 0.488076 0.017045 0.056743
0 9452 0.309401 0.498355 0.021694 0.087171
0 9434 0.115186 0.488076 0.044421 0.092928
0 9439 0.152634 0.491776 0.022211 0.082237
0 9472 0.192924 0.479852 0.011880 0.048520
0 9473 0.205837 0.479030 0.012913 0.048520
0 9474 0.329804 0.490132 0.009814 0.050987
0 9475 0.351240 0.488898 0.010331 0.040296
0 9476 0.174070 0.484375 0.011364 0.060855
