1 1348 0.837293 0.620066 0.324380 0.248355
1 1311 0.515238 0.563734 0.138946 0.194901
1 1350 0.647986 0.542352 0.092459 0.094572
0 9432 0.055527 0.488898 0.043905 0.101151
0 9435 0.081353 0.487253 0.019112 0.091283
0 9440 0.254907 0.486842 0.014979 0.054276
0 9452 0.309401 0.498355 0.021694 0.087171
0 9434 0.116219 0.485197 0.042355 0.085526
0 9439 0.154700 0.490954 0.020145 0.075658
0 9472 0.189308 0.478207 0.010847 0.046875
0 9473 0.202738 0.480674 0.011880 0.050164
0 9474 0.324380 0.490132 0.010331 0.050987
0 9475 0.346333 0.488076 0.010847 0.040296
0 9476 0.177428 0.482730 0.013946 0.055921
