1 1348 0.837293 0.620066 0.324380 0.248355
1 1311 0.515238 0.563734 0.138946 0.194901
1 1350 0.647986 0.542352 0.092459 0.094572
0 9432 0.061209 0.488898 0.043905 0.107730
0 9440 0.256457 0.487253 0.011880 0.053454
0 9452 0.307335 0.498766 0.021694 0.087993
0 9434 0.120868 0.488076 0.039256 0.084704
0 9439 0.157025 0.490132 0.018595 0.075658
0 9472 0.189308 0.478207 0.010847 0.046875
0 9473 0.201446 0.481086 0.012397 0.050987
0 9475 0.339360 0.488898 0.010331 0.040296
0 9476 0.179752 0.482730 0.009298 0.055921
