1 1348 0.837293 0.622122 0.324380 0.252467
1 1311 0.516271 0.566612 0.141012 0.200658
1 1350 0.647211 0.542763 0.090909 0.093750
1 1368 0.405217 0.534128 0.084194 0.096217
0 9480 0.112087 0.486020 0.037190 0.093750
0 9481 0.151860 0.484786 0.018595 0.079770
0 9484 0.174587 0.490954 0.033058 0.082237
0 9489 0.213326 0.482319 0.010331 0.046875
0 9485 0.034866 0.473273 0.018079 0.078125
0 9486 0.306818 0.499589 0.018595 0.086349
0 9488 0.237345 0.489309 0.023244 0.070724
0 9490 0.014721 0.475329 0.022211 0.072368
