1 1348 0.837293 0.622122 0.324380 0.252467
1 1311 0.516271 0.566612 0.141012 0.200658
1 1350 0.647211 0.542763 0.090909 0.093750
1 1368 0.416322 0.524671 0.070248 0.075658
0 9480 0.117769 0.486842 0.032025 0.092105
0 9481 0.151860 0.484786 0.018595 0.079770
0 9484 0.174587 0.490954 0.033058 0.082237
0 9489 0.194731 0.480263 0.013430 0.052632
0 9485 0.042097 0.472862 0.025310 0.074013
0 9486 0.306818 0.499589 0.018595 0.086349
0 9488 0.227531 0.491365 0.027376 0.069901
0 9490 0.024019 0.475329 0.020145 0.074013
