1 1348 0.837293 0.622122 0.324380 0.252467
1 1311 0.516271 0.566612 0.141012 0.200658
1 1350 0.647211 0.542763 0.090909 0.093750
1 1368 0.422521 0.523849 0.057851 0.077303
0 9480 0.120351 0.486431 0.026860 0.092928
0 9484 0.143079 0.497122 0.023760 0.099507
0 9491 0.177686 0.489720 0.025826 0.074836
0 9489 0.194731 0.480263 0.013430 0.052632
0 9485 0.047262 0.473684 0.022211 0.075658
0 9486 0.306818 0.499589 0.018595 0.086349
0 9488 0.215134 0.488487 0.027376 0.069079
0 9490 0.028151 0.474507 0.025310 0.074013
