1 1348 0.837293 0.622122 0.324380 0.252467
1 1311 0.516271 0.566612 0.141012 0.200658
1 1350 0.647211 0.542763 0.090909 0.093750
1 1368 0.446539 0.511924 0.039773 0.051809
1 1370 0.705062 0.516036 0.038223 0.035362
0 9484 0.083936 0.496299 0.041839 0.112664
0 9493 0.126808 0.484786 0.026343 0.087993
0 9486 0.306818 0.499589 0.018595 0.086349
0 9488 0.170971 0.488076 0.038223 0.086349
0 9490 0.042614 0.477385 0.017045 0.071546
0 9492 0.022211 0.477796 0.023760 0.078947
0 9494 0.208936 0.481086 0.016012 0.050987
0 9495 0.225465 0.482730 0.009814 0.044408
