1 1348 0.837293 0.622122 0.324380 0.252467
1 1311 0.516271 0.566612 0.141012 0.200658
1 1350 0.647211 0.542763 0.090909 0.093750
1 1368 0.450155 0.511924 0.032541 0.051809
1 1370 0.711002 0.515625 0.038740 0.034539
0 9496 0.102789 0.472862 0.018595 0.050987
0 9493 0.126291 0.484786 0.027376 0.087993
0 9486 0.306818 0.499589 0.018595 0.086349
0 9488 0.146952 0.489309 0.035640 0.087171
0 9484 0.064050 0.500822 0.052686 0.133224
0 9492 0.029442 0.470395 0.021694 0.059211
0 9494 0.209711 0.482319 0.013430 0.053454
0 9495 0.225465 0.482730 0.009814 0.044408
