1 1348 0.837293 0.622122 0.324380 0.252467
1 1311 0.516271 0.566612 0.141012 0.200658
1 1350 0.647211 0.542763 0.090909 0.093750
1 1368 0.454029 0.510691 0.024793 0.054276
1 1370 0.715393 0.515214 0.036157 0.033717
0 9496 0.102789 0.472862 0.018595 0.050987
0 9488 0.126291 0.484786 0.027376 0.087993
0 9486 0.306818 0.499589 0.018595 0.086349
0 9497 0.146952 0.489309 0.035640 0.087171
0 9498 0.076705 0.476562 0.023244 0.069901
0 9484 0.024277 0.503289 0.047521 0.141447
0 9494 0.209711 0.482319 0.013430 0.053454
0 9499 0.176911 0.490954 0.023244 0.070724
