1 1348 0.837293 0.622122 0.324380 0.252467
1 1311 0.516271 0.566612 0.141012 0.200658
1 1350 0.647211 0.542763 0.090909 0.093750
1 1368 0.456870 0.512747 0.019112 0.050164
1 1371 0.688791 0.513980 0.036674 0.041118
0 9488 0.104339 0.500411 0.049587 0.115954
0 9497 0.153151 0.485197 0.023244 0.078947
0 9486 0.306818 0.499589 0.018595 0.086349
0 9500 0.079804 0.476974 0.017045 0.069079
0 9484 0.008264 0.497122 0.016529 0.135691
0 9494 0.214101 0.480263 0.011880 0.049342
0 9499 0.181560 0.490132 0.023244 0.070724
0 9501 0.045713 0.477796 0.032541 0.078947
