1 1348 0.837293 0.622122 0.324380 0.252467
1 1311 0.516271 0.566612 0.141012 0.200658
1 1350 0.647211 0.542763 0.090909 0.093750
1 1371 0.697056 0.515214 0.042872 0.050164
0 9502 0.201705 0.484786 0.013946 0.041941
0 9497 0.157541 0.485197 0.027893 0.080592
0 9486 0.306818 0.499589 0.018595 0.086349
0 9503 0.127066 0.488487 0.026860 0.085526
0 9494 0.216684 0.480674 0.011880 0.053454
0 9499 0.182335 0.490132 0.018595 0.069079
0 9488 0.079545 0.497944 0.036157 0.125822
0 9504 0.235795 0.480263 0.016012 0.050987
