1 1348 0.837293 0.622122 0.324380 0.252467
1 1311 0.516271 0.566612 0.141012 0.200658
1 1350 0.647211 0.542763 0.090909 0.093750
1 1371 0.706870 0.520148 0.047004 0.050164
0 9502 0.200413 0.484786 0.012397 0.043586
0 9497 0.157541 0.485197 0.027893 0.080592
0 9486 0.306818 0.499589 0.018595 0.086349
0 9503 0.127066 0.488487 0.026860 0.085526
0 9494 0.218750 0.481497 0.011880 0.051809
0 9499 0.183110 0.488898 0.017045 0.066612
0 9488 0.041064 0.497944 0.063533 0.135691
0 9504 0.236054 0.480674 0.012397 0.051809
0 9505 0.090909 0.476151 0.024793 0.069079
