1 1348 0.837293 0.622122 0.324380 0.252467
1 1311 0.516271 0.566612 0.141012 0.200658
1 1350 0.647211 0.542763 0.090909 0.093750
1 1371 0.718233 0.520148 0.044938 0.051809
0 9502 0.197314 0.484786 0.012397 0.043586
0 9497 0.158833 0.485609 0.030475 0.081414
0 9486 0.306818 0.499589 0.018595 0.086349
0 9503 0.127066 0.488487 0.026860 0.085526
0 9494 0.221849 0.481497 0.011880 0.051809
0 9499 0.182851 0.488898 0.016529 0.066612
0 9488 0.016529 0.489720 0.034091 0.130757
0 9504 0.237862 0.480674 0.012913 0.051809
0 9506 0.066116 0.481086 0.023760 0.070724
0 9505 0.096074 0.478618 0.019628 0.072368
