1 1348 0.837293 0.622122 0.324380 0.252467
1 1311 0.516271 0.566612 0.141012 0.200658
1 1350 0.647211 0.542763 0.090909 0.093750
0 9506 0.071798 0.477796 0.018595 0.074013
0 9507 0.167614 0.490132 0.012913 0.072368
0 9486 0.306818 0.499589 0.018595 0.086349
0 9497 0.154442 0.485609 0.019628 0.078125
0 9494 0.222366 0.481086 0.012913 0.050987
0 9499 0.187758 0.488898 0.021178 0.068257
0 9504 0.237862 0.480674 0.012913 0.051809
0 9505 0.102531 0.478618 0.016012 0.064145
0 9503 0.128099 0.488076 0.023760 0.081414
0 9508 0.052169 0.476151 0.016529 0.065789
