1 1348 0.837293 0.622122 0.324380 0.252467
1 1311 0.516271 0.566612 0.141012 0.200658
1 1350 0.647211 0.542763 0.090909 0.093750
0 9506 0.082386 0.477385 0.020145 0.071546
0 9507 0.169680 0.487253 0.017045 0.069901
0 9486 0.306818 0.499589 0.018595 0.086349
0 9497 0.154700 0.483964 0.018079 0.074836
0 9494 0.225207 0.480674 0.010331 0.050164
0 9499 0.190083 0.490543 0.019628 0.064967
0 9504 0.243543 0.479441 0.013946 0.050987
0 9505 0.108471 0.479030 0.016529 0.064967
0 9503 0.129907 0.488076 0.021178 0.081414
0 9508 0.060950 0.476974 0.015496 0.062500
0 9509 0.035640 0.466283 0.016529 0.052632
0 9510 0.334711 0.488898 0.012397 0.051809
